time 2e-07 1199 0.0946778
1time 4e-07 1198.99 0.0946779
1time 6e-07 1198.99 0.0946834
1time 8e-07 1198.98 0.0947201
1time 1e-06 1198.98 0.0946852
1time 1.2e-06 1198.97 0.0945873
1time 1.4e-06 1198.97 0.0944462
1time 1.6e-06 1198.96 0.0942771
1time 1.8e-06 1198.96 0.0940905
1time 2e-06 1198.96 0.0938936
1time 2.2e-06 1198.95 0.0936912
1time 2.4e-06 1198.95 0.0934869
1time 2.6e-06 1198.94 0.093283
1time 2.8e-06 1198.94 0.0930811
1time 3e-06 1198.93 0.0928822
1time 3.2e-06 1198.93 0.0926872
1time 3.4e-06 1198.92 0.0924964
1time 3.6e-06 1198.92 0.0923102
1time 3.8e-06 1198.92 0.0921286
1time 4e-06 1198.91 0.0919517
1time 4.2e-06 1198.91 0.0917794
1time 4.4e-06 1198.9 0.0916118
1time 4.6e-06 1198.9 0.0914485
1time 4.8e-06 1198.89 0.0912896
1time 5e-06 1198.89 0.0911348
1time 5.2e-06 1198.88 0.090984
1time 5.4e-06 1198.88 0.090837
1time 5.6e-06 1198.88 0.0906937
1time 5.8e-06 1198.87 0.0905539
1time 6e-06 1198.87 0.0904175
1time 6.2e-06 1198.86 0.0902842
1time 6.4e-06 1198.86 0.090154
1time 6.6e-06 1198.85 0.0900267
1time 6.8e-06 1198.85 0.0899023
1time 7e-06 1198.85 0.0897804
1time 7.2e-06 1198.84 0.0896612
1time 7.4e-06 1198.84 0.0895444
1time 7.6e-06 1198.83 0.0894299
1time 7.8e-06 1198.83 0.0893177
1time 8e-06 1198.82 0.0892076
1time 8.2e-06 1198.82 0.0890996
1time 8.4e-06 1198.81 0.0889936
1time 8.6e-06 1198.81 0.0888895
1time 8.8e-06 1198.81 0.0887872
1time 9e-06 1198.8 0.0886867
1time 9.2e-06 1198.8 0.0885879
1time 9.4e-06 1198.79 0.0884907
1time 9.6e-06 1198.79 0.0883952
1time 9.8e-06 1198.78 0.0883011
1time 1e-05 1198.78 0.0882085
1time 1.02e-05 1198.77 0.0881173
1time 1.04e-05 1198.77 0.0880275
1time 1.06e-05 1198.77 0.0879391
1time 1.08e-05 1198.76 0.0878519
1time 1.1e-05 1198.76 0.087766
1time 1.12e-05 1198.75 0.0876813
1time 1.14e-05 1198.75 0.0875978
1time 1.16e-05 1198.74 0.0875154
1time 1.18e-05 1198.74 0.0874341
1time 1.2e-05 1198.73 0.0873539
1time 1.22e-05 1198.73 0.0872747
1time 1.24e-05 1198.73 0.0871966
1time 1.26e-05 1198.72 0.0871194
1time 1.28e-05 1198.72 0.0870432
1time 1.3e-05 1198.71 0.0869679
1time 1.32e-05 1198.71 0.0868936
1time 1.34e-05 1198.7 0.0868201
1time 1.36e-05 1198.7 0.0867475
1time 1.38e-05 1198.69 0.0866757
1time 1.4e-05 1198.69 0.0866048
1time 1.42e-05 1198.69 0.0865346
1time 1.44e-05 1198.68 0.0864653
1time 1.46e-05 1198.68 0.0863967
1time 1.48e-05 1198.67 0.0863288
1time 1.5e-05 1198.67 0.0862617
1time 1.52e-05 1198.66 0.0861953
1time 1.54e-05 1198.66 0.0861295
1time 1.56e-05 1198.65 0.0860645
1time 1.58e-05 1198.65 0.0860001
1time 1.6e-05 1198.65 0.0859364
1time 1.62e-05 1198.64 0.0858732
1time 1.64e-05 1198.64 0.0858108
1time 1.66e-05 1198.63 0.0857489
1time 1.68e-05 1198.63 0.0856876
1time 1.7e-05 1198.62 0.0856269
1time 1.72e-05 1198.62 0.0855668
1time 1.74e-05 1198.61 0.0855072
1time 1.76e-05 1198.61 0.0854482
1time 1.78e-05 1198.61 0.0853897
1time 1.8e-05 1198.6 0.0853317
1time 1.82e-05 1198.6 0.0852742
1time 1.84e-05 1198.59 0.0852173
1time 1.86e-05 1198.59 0.0851608
1time 1.88e-05 1198.58 0.0851049
1time 1.9e-05 1198.58 0.0850494
1time 1.92e-05 1198.57 0.0849943
1time 1.94e-05 1198.57 0.0849398
1time 1.96e-05 1198.57 0.0848857
1time 1.98e-05 1198.56 0.084832
1time 2e-05 1198.56 0.0847787
1time 2.02e-05 1198.55 0.0847259
1time 2.04e-05 1198.55 0.0846735
1time 2.06e-05 1198.54 0.0846215
1time 2.08e-05 1198.54 0.08457
1time 2.1e-05 1198.54 0.0845188
1time 2.12e-05 1198.53 0.084468
1time 2.14e-05 1198.53 0.0844176
1time 2.16e-05 1198.52 0.0843675
1time 2.18e-05 1198.52 0.0843179
1time 2.2e-05 1198.51 0.0842686
1time 2.22e-05 1198.51 0.0842196
1time 2.24e-05 1198.5 0.0841711
1time 2.26e-05 1198.5 0.0841228
1time 2.28e-05 1198.5 0.0840749
1time 2.3e-05 1198.49 0.0840274
1time 2.32e-05 1198.49 0.0839802
1time 2.34e-05 1198.48 0.0839333
1time 2.36e-05 1198.48 0.0838867
1time 2.38e-05 1198.47 0.0838404
1time 2.4e-05 1198.47 0.0837945
1time 2.42e-05 1198.46 0.0837488
1time 2.44e-05 1198.46 0.0837035
1time 2.46e-05 1198.46 0.0836584
1time 2.48e-05 1198.45 0.0836137
1time 2.5e-05 1198.45 0.0835692
1time 2.52e-05 1198.44 0.083525
1time 2.54e-05 1198.44 0.0834811
1time 2.56e-05 1198.43 0.0834375
1time 2.58e-05 1198.43 0.0833942
1time 2.6e-05 1198.42 0.0833511
1time 2.62e-05 1198.42 0.0833083
1time 2.64e-05 1198.42 0.0832657
1time 2.66e-05 1198.41 0.0832235
1time 2.68e-05 1198.41 0.0831814
1time 2.7e-05 1198.4 0.0831396
1time 2.72e-05 1198.4 0.0830981
1time 2.74e-05 1198.39 0.0830568
1time 2.76e-05 1198.39 0.0830158
1time 2.78e-05 1198.38 0.082975
1time 2.8e-05 1198.38 0.0829344
1time 2.82e-05 1198.38 0.082894
1time 2.84e-05 1198.37 0.0828539
1time 2.86e-05 1198.37 0.082814
1time 2.88e-05 1198.36 0.0827744
1time 2.9e-05 1198.36 0.0827349
1time 2.92e-05 1198.35 0.0826957
1time 2.94e-05 1198.35 0.0826567
1time 2.96e-05 1198.34 0.0826179
1time 2.98e-05 1198.34 0.0825793
1time 3e-05 1198.34 0.0825409
1time 3.02e-05 1198.33 0.0825028
1time 3.04e-05 1198.33 0.0824648
1time 3.06e-05 1198.32 0.082427
1time 3.08e-05 1198.32 0.0823894
1time 3.1e-05 1198.31 0.0823521
1time 3.12e-05 1198.31 0.0823149
1time 3.14e-05 1198.3 0.0822779
1time 3.16e-05 1198.3 0.0822411
1time 3.18e-05 1198.3 0.0822045
1time 3.2e-05 1198.29 0.082168
1time 3.22e-05 1198.29 0.0821318
1time 3.24e-05 1198.28 0.0820957
1time 3.26e-05 1198.28 0.0820598
1time 3.28e-05 1198.27 0.0820241
1time 3.3e-05 1198.27 0.0819886
1time 3.32e-05 1198.26 0.0819532
1time 3.34e-05 1198.26 0.081918
1time 3.36e-05 1198.26 0.081883
1time 3.38e-05 1198.25 0.0818481
1time 3.4e-05 1198.25 0.0818134
1time 3.42e-05 1198.24 0.0817789
1time 3.44e-05 1198.24 0.0817445
1time 3.46e-05 1198.23 0.0817103
1time 3.48e-05 1198.23 0.0816763
1time 3.5e-05 1198.23 0.0816424
1time 3.52e-05 1198.22 0.0816087
1time 3.54e-05 1198.22 0.0815751
1time 3.56e-05 1198.21 0.0815417
1time 3.58e-05 1198.21 0.0815084
1time 3.6e-05 1198.2 0.0814753
1time 3.62e-05 1198.2 0.0814423
1time 3.64e-05 1198.19 0.0814094
1time 3.66e-05 1198.19 0.0813767
1time 3.68e-05 1198.19 0.0813442
1time 3.7e-05 1198.18 0.0813118
1time 3.72e-05 1198.18 0.0812795
1time 3.74e-05 1198.17 0.0812474
1time 3.76e-05 1198.17 0.0812154
1time 3.78e-05 1198.16 0.0811836
1time 3.8e-05 1198.16 0.0811519
1time 3.82e-05 1198.15 0.0811203
1time 3.84e-05 1198.15 0.0810888
1time 3.86e-05 1198.15 0.0810575
1time 3.88e-05 1198.14 0.0810263
1time 3.9e-05 1198.14 0.0809953
1time 3.92e-05 1198.13 0.0809644
1time 3.94e-05 1198.13 0.0809336
1time 3.96e-05 1198.12 0.0809029
1time 3.98e-05 1198.12 0.0808723
1time 4e-05 1198.11 0.0808419
1time 4.02e-05 1198.11 0.0808116
1time 4.04e-05 1198.11 0.0807814
1time 4.06e-05 1198.1 0.0807514
1time 4.08e-05 1198.1 0.0807214
1time 4.1e-05 1198.09 0.0806916
1time 4.12e-05 1198.09 0.0806619
1time 4.14e-05 1198.08 0.0806323
1time 4.16e-05 1198.08 0.0806029
1time 4.18e-05 1198.07 0.0805735
1time 4.2e-05 1198.07 0.0805443
1time 4.22e-05 1198.07 0.0805151
1time 4.24e-05 1198.06 0.0804861
1time 4.26e-05 1198.06 0.0804572
1time 4.28e-05 1198.05 0.0804284
1time 4.3e-05 1198.05 0.0803997
1time 4.32e-05 1198.04 0.0803711
1time 4.34e-05 1198.04 0.0803426
1time 4.36e-05 1198.03 0.0803143
1time 4.38e-05 1198.03 0.080286
1time 4.4e-05 1198.03 0.0802579
1time 4.42e-05 1198.02 0.0802298
1time 4.44e-05 1198.02 0.0802018
1time 4.46e-05 1198.01 0.080174
1time 4.48e-05 1198.01 0.0801462
1time 4.5e-05 1198 0.0801186
1time 4.52e-05 1198 0.080091
1time 4.54e-05 1197.99 0.0800636
1time 4.56e-05 1197.99 0.0800362
1time 4.58e-05 1197.99 0.080009
1time 4.6e-05 1197.98 0.0799818
1time 4.62e-05 1197.98 0.0799547
1time 4.64e-05 1197.97 0.0799278
1time 4.66e-05 1197.97 0.0799009
1time 4.68e-05 1197.96 0.0798741
1time 4.7e-05 1197.96 0.0798474
1time 4.72e-05 1197.96 0.0798208
1time 4.74e-05 1197.95 0.0797943
1time 4.76e-05 1197.95 0.0797679
1time 4.78e-05 1197.94 0.0797416
1time 4.8e-05 1197.94 0.0797153
1time 4.82e-05 1197.93 0.0796892
1time 4.84e-05 1197.93 0.0796631
1time 4.86e-05 1197.92 0.0796372
1time 4.88e-05 1197.92 0.0796113
1time 4.9e-05 1197.92 0.0795855
1time 4.92e-05 1197.91 0.0795598
1time 4.94e-05 1197.91 0.0795341
1time 4.96e-05 1197.9 0.0795086
1time 4.98e-05 1197.9 0.0794831
1time 5e-05 1197.89 0.0794578
1time 5.02e-05 1197.89 0.0794325
1time 5.04e-05 1197.88 0.0794073
1time 5.06e-05 1197.88 0.0793821
1time 5.08e-05 1197.88 0.0793571
1time 5.1e-05 1197.87 0.0793321
1time 5.12e-05 1197.87 0.0793072
1time 5.14e-05 1197.86 0.0792824
1time 5.16e-05 1197.86 0.0792577
1time 5.18e-05 1197.85 0.079233
1time 5.2e-05 1197.85 0.0792085
1time 5.22e-05 1197.84 0.079184
1time 5.24e-05 1197.84 0.0791596
1time 5.26e-05 1197.84 0.0791352
1time 5.28e-05 1197.83 0.079111
1time 5.3e-05 1197.83 0.0790868
1time 5.32e-05 1197.82 0.0790626
1time 5.34e-05 1197.82 0.0790386
1time 5.36e-05 1197.81 0.0790146
1time 5.38e-05 1197.81 0.0789907
1time 5.4e-05 1197.8 0.0789669
1time 5.42e-05 1197.8 0.0789432
1time 5.44e-05 1197.8 0.0789195
1time 5.46e-05 1197.79 0.0788959
1time 5.48e-05 1197.79 0.0788723
1time 5.5e-05 1197.78 0.0788489
1time 5.52e-05 1197.78 0.0788255
1time 5.54e-05 1197.77 0.0788022
1time 5.56e-05 1197.77 0.0787789
1time 5.58e-05 1197.76 0.0787557
1time 5.6e-05 1197.76 0.0787326
1time 5.62e-05 1197.76 0.0787095
1time 5.64e-05 1197.75 0.0786866
1time 5.66e-05 1197.75 0.0786636
1time 5.68e-05 1197.74 0.0786408
1time 5.7e-05 1197.74 0.078618
1time 5.72e-05 1197.73 0.0785953
1time 5.74e-05 1197.73 0.0785726
1time 5.76e-05 1197.72 0.0785501
1time 5.78e-05 1197.72 0.0785275
1time 5.8e-05 1197.72 0.0785051
1time 5.82e-05 1197.71 0.0784827
1time 5.84e-05 1197.71 0.0784603
1time 5.86e-05 1197.7 0.0784381
1time 5.88e-05 1197.7 0.0784159
1time 5.9e-05 1197.69 0.0783937
1time 5.92e-05 1197.69 0.0783717
1time 5.94e-05 1197.68 0.0783496
1time 5.96e-05 1197.68 0.0783277
1time 5.98e-05 1197.68 0.0783058
1time 6e-05 1197.67 0.0782839
1time 6.02e-05 1197.67 0.0782622
1time 6.04e-05 1197.66 0.0782405
1time 6.06e-05 1197.66 0.0782188
1time 6.08e-05 1197.65 0.0781972
1time 6.1e-05 1197.65 0.0781757
1time 6.12e-05 1197.65 0.0781542
1time 6.14e-05 1197.64 0.0781328
1time 6.16e-05 1197.64 0.0781114
1time 6.18e-05 1197.63 0.0780901
1time 6.2e-05 1197.63 0.0780688
1time 6.22e-05 1197.62 0.0780477
1time 6.24e-05 1197.62 0.0780265
1time 6.26e-05 1197.61 0.0780054
1time 6.28e-05 1197.61 0.0779844
1time 6.3e-05 1197.61 0.0779634
1time 6.32e-05 1197.6 0.0779425
1time 6.34e-05 1197.6 0.0779217
1time 6.36e-05 1197.59 0.0779009
1time 6.38e-05 1197.59 0.0778801
1time 6.4e-05 1197.58 0.0778594
1time 6.42e-05 1197.58 0.0778388
1time 6.44e-05 1197.57 0.0778182
1time 6.46e-05 1197.57 0.0777977
1time 6.48e-05 1197.57 0.0777772
1time 6.5e-05 1197.56 0.0777568
1time 6.52e-05 1197.56 0.0777364
1time 6.54e-05 1197.55 0.0777161
1time 6.56e-05 1197.55 0.0776958
1time 6.58e-05 1197.54 0.0776756
1time 6.6e-05 1197.54 0.0776554
1time 6.62e-05 1197.53 0.0776353
1time 6.64e-05 1197.53 0.0776153
1time 6.66e-05 1197.53 0.0775952
1time 6.68e-05 1197.52 0.0775753
1time 6.7e-05 1197.52 0.0775554
1time 6.72e-05 1197.51 0.0775355
1time 6.74e-05 1197.51 0.0775157
1time 6.76e-05 1197.5 0.0774959
1time 6.78e-05 1197.5 0.0774762
1time 6.8e-05 1197.49 0.0774566
1time 6.82e-05 1197.49 0.0774369
1time 6.84e-05 1197.49 0.0774174
1time 6.86e-05 1197.48 0.0773978
1time 6.88e-05 1197.48 0.0773784
1time 6.9e-05 1197.47 0.0773589
1time 6.92e-05 1197.47 0.0773396
1time 6.94e-05 1197.46 0.0773202
1time 6.96e-05 1197.46 0.077301
1time 6.98e-05 1197.45 0.0772817
1time 7e-05 1197.45 0.0772625
1time 7.02e-05 1197.45 0.0772434
1time 7.04e-05 1197.44 0.0772243
1time 7.06e-05 1197.44 0.0772052
1time 7.08e-05 1197.43 0.0771862
1time 7.1e-05 1197.43 0.0771673
1time 7.12e-05 1197.42 0.0771483
1time 7.14e-05 1197.42 0.0771295
1time 7.16e-05 1197.41 0.0771106
1time 7.18e-05 1197.41 0.0770919
1time 7.2e-05 1197.41 0.0770731
1time 7.22e-05 1197.4 0.0770544
1time 7.24e-05 1197.4 0.0770358
1time 7.26e-05 1197.39 0.0770172
1time 7.28e-05 1197.39 0.0769986
1time 7.3e-05 1197.38 0.0769801
1time 7.32e-05 1197.38 0.0769616
1time 7.34e-05 1197.38 0.0769432
1time 7.36e-05 1197.37 0.0769248
1time 7.38e-05 1197.37 0.0769064
1time 7.4e-05 1197.36 0.0768881
1time 7.42e-05 1197.36 0.0768698
1time 7.44e-05 1197.35 0.0768516
1time 7.46e-05 1197.35 0.0768334
1time 7.48e-05 1197.34 0.0768153
1time 7.5e-05 1197.34 0.0767972
1time 7.52e-05 1197.34 0.0767791
1time 7.54e-05 1197.33 0.0767611
1time 7.56e-05 1197.33 0.0767431
1time 7.58e-05 1197.32 0.0767252
1time 7.6e-05 1197.32 0.0767073
1time 7.62e-05 1197.31 0.0766895
1time 7.64e-05 1197.31 0.0766716
1time 7.66e-05 1197.3 0.0766539
1time 7.68e-05 1197.3 0.0766361
1time 7.7e-05 1197.3 0.0766184
1time 7.72e-05 1197.29 0.0766008
1time 7.74e-05 1197.29 0.0765831
1time 7.76e-05 1197.28 0.0765656
1time 7.78e-05 1197.28 0.076548
1time 7.8e-05 1197.27 0.0765305
1time 7.82e-05 1197.27 0.0765131
1time 7.84e-05 1197.26 0.0764956
1time 7.86e-05 1197.26 0.0764782
1time 7.88e-05 1197.26 0.0764609
1time 7.9e-05 1197.25 0.0764436
1time 7.92e-05 1197.25 0.0764263
1time 7.94e-05 1197.24 0.0764091
1time 7.96e-05 1197.24 0.0763919
1time 7.98e-05 1197.23 0.0763747
1time 8e-05 1197.23 0.0763576
1time 8.02e-05 1197.22 0.0763405
1time 8.04e-05 1197.22 0.0763234
1time 8.06e-05 1197.22 0.0763064
1time 8.08e-05 1197.21 0.0762894
1time 8.1e-05 1197.21 0.0762725
1time 8.12e-05 1197.2 0.0762556
1time 8.14e-05 1197.2 0.0762387
1time 8.16e-05 1197.19 0.0762219
1time 8.18e-05 1197.19 0.0762051
1time 8.2e-05 1197.18 0.0761883
1time 8.22e-05 1197.18 0.0761716
1time 8.24e-05 1197.18 0.0761549
1time 8.26e-05 1197.17 0.0761382
1time 8.28e-05 1197.17 0.0761216
1time 8.3e-05 1197.16 0.076105
1time 8.32e-05 1197.16 0.0760884
1time 8.34e-05 1197.15 0.0760719
1time 8.36e-05 1197.15 0.0760554
1time 8.38e-05 1197.14 0.076039
1time 8.4e-05 1197.14 0.0760226
1time 8.42e-05 1197.14 0.0760062
1time 8.44e-05 1197.13 0.0759898
1time 8.46e-05 1197.13 0.0759735
1time 8.48e-05 1197.12 0.0759572
1time 8.5e-05 1197.12 0.075941
1time 8.52e-05 1197.11 0.0759247
1time 8.54e-05 1197.11 0.0759086
1time 8.56e-05 1197.1 0.0758924
1time 8.58e-05 1197.1 0.0758763
1time 8.6e-05 1197.1 0.0758602
1time 8.62e-05 1197.09 0.0758441
1time 8.64e-05 1197.09 0.0758281
1time 8.66e-05 1197.08 0.0758121
1time 8.68e-05 1197.08 0.0757962
1time 8.7e-05 1197.07 0.0757802
1time 8.72e-05 1197.07 0.0757643
1time 8.74e-05 1197.07 0.0757485
1time 8.76e-05 1197.06 0.0757326
1time 8.78e-05 1197.06 0.0757168
1time 8.8e-05 1197.05 0.0757011
1time 8.82e-05 1197.05 0.0756853
1time 8.84e-05 1197.04 0.0756696
1time 8.86e-05 1197.04 0.075654
1time 8.88e-05 1197.03 0.0756383
1time 8.9e-05 1197.03 0.0756227
1time 8.92e-05 1197.03 0.0756071
1time 8.94e-05 1197.02 0.0755916
1time 8.96e-05 1197.02 0.075576
1time 8.98e-05 1197.01 0.0755605
1time 9e-05 1197.01 0.0755451
1time 9.02e-05 1197 0.0755297
1time 9.04e-05 1197 0.0755142
1time 9.06e-05 1196.99 0.0754989
1time 9.08e-05 1196.99 0.0754835
1time 9.1e-05 1196.99 0.0754682
1time 9.12e-05 1196.98 0.0754529
1time 9.14e-05 1196.98 0.0754377
1time 9.16e-05 1196.97 0.0754225
1time 9.18e-05 1196.97 0.0754073
1time 9.2e-05 1196.96 0.0753921
1time 9.22e-05 1196.96 0.075377
1time 9.24e-05 1196.95 0.0753618
1time 9.26e-05 1196.95 0.0753468
1time 9.28e-05 1196.95 0.0753317
1time 9.3e-05 1196.94 0.0753167
1time 9.32e-05 1196.94 0.0753017
1time 9.34e-05 1196.93 0.0752867
1time 9.36e-05 1196.93 0.0752718
1time 9.38e-05 1196.92 0.0752569
1time 9.4e-05 1196.92 0.075242
1time 9.42e-05 1196.91 0.0752271
1time 9.44e-05 1196.91 0.0752123
1time 9.46e-05 1196.91 0.0751975
1time 9.48e-05 1196.9 0.0751827
1time 9.5e-05 1196.9 0.075168
1time 9.52e-05 1196.89 0.0751533
1time 9.54e-05 1196.89 0.0751386
1time 9.56e-05 1196.88 0.0751239
1time 9.58e-05 1196.88 0.0751093
1time 9.6e-05 1196.87 0.0750947
1time 9.62e-05 1196.87 0.0750801
1time 9.64e-05 1196.87 0.0750656
1time 9.66e-05 1196.86 0.075051
1time 9.68e-05 1196.86 0.0750365
1time 9.7e-05 1196.85 0.075022
1time 9.72e-05 1196.85 0.0750076
1time 9.74e-05 1196.84 0.0749932
1time 9.76e-05 1196.84 0.0749788
1time 9.78e-05 1196.83 0.0749644
1time 9.8e-05 1196.83 0.0749501
1time 9.82e-05 1196.83 0.0749358
1time 9.84e-05 1196.82 0.0749215
1time 9.86e-05 1196.82 0.0749072
1time 9.88e-05 1196.81 0.074893
1time 9.9e-05 1196.81 0.0748787
1time 9.92e-05 1196.8 0.0748645
1time 9.94e-05 1196.8 0.0748504
1time 9.96e-05 1196.79 0.0748362
1time 9.98e-05 1196.79 0.0748221
1time 0.0001 1196.79 0.074808
1time 0.0001002 1196.78 0.074794
1time 0.0001004 1196.78 0.0747799
1time 0.0001006 1196.77 0.0747659
1time 0.0001008 1196.77 0.0747519
1time 0.000101 1196.76 0.074738
1time 0.0001012 1196.76 0.074724
1time 0.0001014 1196.76 0.0747101
1time 0.0001016 1196.75 0.0746962
1time 0.0001018 1196.75 0.0746824
1time 0.000102 1196.74 0.0746685
1time 0.0001022 1196.74 0.0746547
1time 0.0001024 1196.73 0.0746409
1time 0.0001026 1196.73 0.0746272
1time 0.0001028 1196.72 0.0746134
1time 0.000103 1196.72 0.0745997
1time 0.0001032 1196.72 0.074586
1time 0.0001034 1196.71 0.0745723
1time 0.0001036 1196.71 0.0745587
1time 0.0001038 1196.7 0.0745451
1time 0.000104 1196.7 0.0745315
1time 0.0001042 1196.69 0.0745179
1time 0.0001044 1196.69 0.0745043
1time 0.0001046 1196.68 0.0744908
1time 0.0001048 1196.68 0.0744773
1time 0.000105 1196.68 0.0744638
1time 0.0001052 1196.67 0.0744503
1time 0.0001054 1196.67 0.0744369
1time 0.0001056 1196.66 0.0744235
1time 0.0001058 1196.66 0.0744101
1time 0.000106 1196.65 0.0743967
1time 0.0001062 1196.65 0.0743834
1time 0.0001064 1196.64 0.07437
1time 0.0001066 1196.64 0.0743567
1time 0.0001068 1196.64 0.0743435
1time 0.000107 1196.63 0.0743302
1time 0.0001072 1196.63 0.074317
1time 0.0001074 1196.62 0.0743038
1time 0.0001076 1196.62 0.0742906
1time 0.0001078 1196.61 0.0742774
1time 0.000108 1196.61 0.0742642
1time 0.0001082 1196.6 0.0742511
1time 0.0001084 1196.6 0.074238
1time 0.0001086 1196.6 0.0742249
1time 0.0001088 1196.59 0.0742119
1time 0.000109 1196.59 0.0741988
1time 0.0001092 1196.58 0.0741858
1time 0.0001094 1196.58 0.0741728
1time 0.0001096 1196.57 0.0741599
1time 0.0001098 1196.57 0.0741469
1time 0.00011 1196.56 0.074134
1time 0.0001102 1196.56 0.0741211
1time 0.0001104 1196.56 0.0741082
1time 0.0001106 1196.55 0.0740953
1time 0.0001108 1196.55 0.0740825
1time 0.000111 1196.54 0.0740697
1time 0.0001112 1196.54 0.0740569
1time 0.0001114 1196.53 0.0740441
1time 0.0001116 1196.53 0.0740313
1time 0.0001118 1196.52 0.0740186
1time 0.000112 1196.52 0.0740059
1time 0.0001122 1196.52 0.0739932
1time 0.0001124 1196.51 0.0739805
1time 0.0001126 1196.51 0.0739678
1time 0.0001128 1196.5 0.0739552
1time 0.000113 1196.5 0.0739426
1time 0.0001132 1196.49 0.07393
1time 0.0001134 1196.49 0.0739174
1time 0.0001136 1196.49 0.0739049
1time 0.0001138 1196.48 0.0738923
1time 0.000114 1196.48 0.0738798
1time 0.0001142 1196.47 0.0738673
1time 0.0001144 1196.47 0.0738548
1time 0.0001146 1196.46 0.0738424
1time 0.0001148 1196.46 0.0738299
1time 0.000115 1196.45 0.0738175
1time 0.0001152 1196.45 0.0738051
1time 0.0001154 1196.45 0.0737928
1time 0.0001156 1196.44 0.0737804
1time 0.0001158 1196.44 0.0737681
1time 0.000116 1196.43 0.0737558
1time 0.0001162 1196.43 0.0737435
1time 0.0001164 1196.42 0.0737312
1time 0.0001166 1196.42 0.0737189
1time 0.0001168 1196.41 0.0737067
1time 0.000117 1196.41 0.0736945
1time 0.0001172 1196.41 0.0736823
1time 0.0001174 1196.4 0.0736701
1time 0.0001176 1196.4 0.0736579
1time 0.0001178 1196.39 0.0736458
1time 0.000118 1196.39 0.0736337
1time 0.0001182 1196.38 0.0736215
1time 0.0001184 1196.38 0.0736095
1time 0.0001186 1196.37 0.0735974
1time 0.0001188 1196.37 0.0735853
1time 0.000119 1196.37 0.0735733
1time 0.0001192 1196.36 0.0735613
1time 0.0001194 1196.36 0.0735493
1time 0.0001196 1196.35 0.0735373
1time 0.0001198 1196.35 0.0735254
1time 0.00012 1196.34 0.0735134
1time 0.0001202 1196.34 0.0735015
1time 0.0001204 1196.33 0.0734896
1time 0.0001206 1196.33 0.0734777
1time 0.0001208 1196.33 0.0734659
1time 0.000121 1196.32 0.073454
1time 0.0001212 1196.32 0.0734422
1time 0.0001214 1196.31 0.0734304
1time 0.0001216 1196.31 0.0734186
1time 0.0001218 1196.3 0.0734068
1time 0.000122 1196.3 0.0733951
1time 0.0001222 1196.29 0.0733833
1time 0.0001224 1196.29 0.0733716
1time 0.0001226 1196.29 0.0733599
1time 0.0001228 1196.28 0.0733482
1time 0.000123 1196.28 0.0733366
1time 0.0001232 1196.27 0.0733249
1time 0.0001234 1196.27 0.0733133
1time 0.0001236 1196.26 0.0733017
1time 0.0001238 1196.26 0.0732901
1time 0.000124 1196.25 0.0732785
1time 0.0001242 1196.25 0.0732669
1time 0.0001244 1196.25 0.0732554
1time 0.0001246 1196.24 0.0732439
1time 0.0001248 1196.24 0.0732324
1time 0.000125 1196.23 0.0732209
1time 0.0001252 1196.23 0.0732094
1time 0.0001254 1196.22 0.0731979
1time 0.0001256 1196.22 0.0731865
1time 0.0001258 1196.21 0.0731751
1time 0.000126 1196.21 0.0731637
1time 0.0001262 1196.21 0.0731523
1time 0.0001264 1196.2 0.0731409
1time 0.0001266 1196.2 0.0731295
1time 0.0001268 1196.19 0.0731182
1time 0.000127 1196.19 0.0731069
1time 0.0001272 1196.18 0.0730956
1time 0.0001274 1196.18 0.0730843
1time 0.0001276 1196.18 0.073073
1time 0.0001278 1196.17 0.0730618
1time 0.000128 1196.17 0.0730505
1time 0.0001282 1196.16 0.0730393
1time 0.0001284 1196.16 0.0730281
1time 0.0001286 1196.15 0.0730169
1time 0.0001288 1196.15 0.0730057
1time 0.000129 1196.14 0.0729946
1time 0.0001292 1196.14 0.0729834
1time 0.0001294 1196.14 0.0729723
1time 0.0001296 1196.13 0.0729612
1time 0.0001298 1196.13 0.0729501
1time 0.00013 1196.12 0.072939
1time 0.0001302 1196.12 0.072928
1time 0.0001304 1196.11 0.0729169
1time 0.0001306 1196.11 0.0729059
1time 0.0001308 1196.1 0.0728949
1time 0.000131 1196.1 0.0728839
1time 0.0001312 1196.1 0.0728729
1time 0.0001314 1196.09 0.0728619
1time 0.0001316 1196.09 0.072851
1time 0.0001318 1196.08 0.0728401
1time 0.000132 1196.08 0.0728291
1time 0.0001322 1196.07 0.0728182
1time 0.0001324 1196.07 0.0728074
1time 0.0001326 1196.06 0.0727965
1time 0.0001328 1196.06 0.0727856
1time 0.000133 1196.06 0.0727748
1time 0.0001332 1196.05 0.072764
1time 0.0001334 1196.05 0.0727532
1time 0.0001336 1196.04 0.0727424
1time 0.0001338 1196.04 0.0727316
1time 0.000134 1196.03 0.0727208
1time 0.0001342 1196.03 0.0727101
1time 0.0001344 1196.02 0.0726993
1time 0.0001346 1196.02 0.0726886
1time 0.0001348 1196.02 0.0726779
1time 0.000135 1196.01 0.0726672
1time 0.0001352 1196.01 0.0726566
1time 0.0001354 1196 0.0726459
1time 0.0001356 1196 0.0726353
1time 0.0001358 1195.99 0.0726246
1time 0.000136 1195.99 0.072614
1time 0.0001362 1195.98 0.0726034
1time 0.0001364 1195.98 0.0725929
1time 0.0001366 1195.98 0.0725823
1time 0.0001368 1195.97 0.0725717
1time 0.000137 1195.97 0.0725612
1time 0.0001372 1195.96 0.0725507
1time 0.0001374 1195.96 0.0725402
1time 0.0001376 1195.95 0.0725297
1time 0.0001378 1195.95 0.0725192
1time 0.000138 1195.94 0.0725087
1time 0.0001382 1195.94 0.0724983
1time 0.0001384 1195.94 0.0724878
1time 0.0001386 1195.93 0.0724774
1time 0.0001388 1195.93 0.072467
1time 0.000139 1195.92 0.0724566
1time 0.0001392 1195.92 0.0724463
1time 0.0001394 1195.91 0.0724359
1time 0.0001396 1195.91 0.0724255
1time 0.0001398 1195.91 0.0724152
1time 0.00014 1195.9 0.0724049
1time 0.0001402 1195.9 0.0723946
1time 0.0001404 1195.89 0.0723843
1time 0.0001406 1195.89 0.072374
1time 0.0001408 1195.88 0.0723637
1time 0.000141 1195.88 0.0723535
1time 0.0001412 1195.87 0.0723433
1time 0.0001414 1195.87 0.072333
1time 0.0001416 1195.87 0.0723228
1time 0.0001418 1195.86 0.0723126
1time 0.000142 1195.86 0.0723025
1time 0.0001422 1195.85 0.0722923
1time 0.0001424 1195.85 0.0722821
1time 0.0001426 1195.84 0.072272
1time 0.0001428 1195.84 0.0722619
1time 0.000143 1195.83 0.0722518
1time 0.0001432 1195.83 0.0722417
1time 0.0001434 1195.83 0.0722316
1time 0.0001436 1195.82 0.0722215
1time 0.0001438 1195.82 0.0722115
1time 0.000144 1195.81 0.0722014
1time 0.0001442 1195.81 0.0721914
1time 0.0001444 1195.8 0.0721814
1time 0.0001446 1195.8 0.0721714
1time 0.0001448 1195.79 0.0721614
1time 0.000145 1195.79 0.0721514
1time 0.0001452 1195.79 0.0721414
1time 0.0001454 1195.78 0.0721315
1time 0.0001456 1195.78 0.0721216
1time 0.0001458 1195.77 0.0721116
1time 0.000146 1195.77 0.0721017
1time 0.0001462 1195.76 0.0720918
1time 0.0001464 1195.76 0.072082
1time 0.0001466 1195.75 0.0720721
1time 0.0001468 1195.75 0.0720622
1time 0.000147 1195.75 0.0720524
1time 0.0001472 1195.74 0.0720426
1time 0.0001474 1195.74 0.0720327
1time 0.0001476 1195.73 0.0720229
1time 0.0001478 1195.73 0.0720131
1time 0.000148 1195.72 0.0720034
1time 0.0001482 1195.72 0.0719936
1time 0.0001484 1195.71 0.0719839
1time 0.0001486 1195.71 0.0719741
1time 0.0001488 1195.71 0.0719644
1time 0.000149 1195.7 0.0719547
1time 0.0001492 1195.7 0.071945
1time 0.0001494 1195.69 0.0719353
1time 0.0001496 1195.69 0.0719256
1time 0.0001498 1195.68 0.071916
1time 0.00015 1195.68 0.0719063
1time 0.0001502 1195.67 0.0718967
1time 0.0001504 1195.67 0.071887
1time 0.0001506 1195.67 0.0718774
1time 0.0001508 1195.66 0.0718678
1time 0.000151 1195.66 0.0718582
1time 0.0001512 1195.65 0.0718487
1time 0.0001514 1195.65 0.0718391
1time 0.0001516 1195.64 0.0718296
1time 0.0001518 1195.64 0.07182
1time 0.000152 1195.63 0.0718105
1time 0.0001522 1195.63 0.071801
1time 0.0001524 1195.63 0.0717915
1time 0.0001526 1195.62 0.071782
1time 0.0001528 1195.62 0.0717725
1time 0.000153 1195.61 0.0717631
1time 0.0001532 1195.61 0.0717536
1time 0.0001534 1195.6 0.0717442
1time 0.0001536 1195.6 0.0717348
1time 0.0001538 1195.6 0.0717253
1time 0.000154 1195.59 0.0717159
1time 0.0001542 1195.59 0.0717066
1time 0.0001544 1195.58 0.0716972
1time 0.0001546 1195.58 0.0716878
1time 0.0001548 1195.57 0.0716785
1time 0.000155 1195.57 0.0716691
1time 0.0001552 1195.56 0.0716598
1time 0.0001554 1195.56 0.0716505
1time 0.0001556 1195.56 0.0716412
1time 0.0001558 1195.55 0.0716319
1time 0.000156 1195.55 0.0716226
1time 0.0001562 1195.54 0.0716133
1time 0.0001564 1195.54 0.0716041
1time 0.0001566 1195.53 0.0715948
1time 0.0001568 1195.53 0.0715856
1time 0.000157 1195.52 0.0715764
1time 0.0001572 1195.52 0.0715672
1time 0.0001574 1195.52 0.071558
1time 0.0001576 1195.51 0.0715488
1time 0.0001578 1195.51 0.0715396
1time 0.000158 1195.5 0.0715304
1time 0.0001582 1195.5 0.0715213
1time 0.0001584 1195.49 0.0715121
1time 0.0001586 1195.49 0.071503
1time 0.0001588 1195.48 0.0714939
1time 0.000159 1195.48 0.0714848
1time 0.0001592 1195.48 0.0714757
1time 0.0001594 1195.47 0.0714666
1time 0.0001596 1195.47 0.0714576
1time 0.0001598 1195.46 0.0714485
1time 0.00016 1195.46 0.0714394
1time 0.0001602 1195.45 0.0714304
1time 0.0001604 1195.45 0.0714214
1time 0.0001606 1195.44 0.0714124
1time 0.0001608 1195.44 0.0714034
1time 0.000161 1195.44 0.0713944
1time 0.0001612 1195.43 0.0713854
1time 0.0001614 1195.43 0.0713764
1time 0.0001616 1195.42 0.0713675
1time 0.0001618 1195.42 0.0713585
1time 0.000162 1195.41 0.0713496
1time 0.0001622 1195.41 0.0713407
1time 0.0001624 1195.4 0.0713317
1time 0.0001626 1195.4 0.0713228
1time 0.0001628 1195.4 0.071314
1time 0.000163 1195.39 0.0713051
1time 0.0001632 1195.39 0.0712962
1time 0.0001634 1195.38 0.0712874
1time 0.0001636 1195.38 0.0712785
1time 0.0001638 1195.37 0.0712697
1time 0.000164 1195.37 0.0712608
1time 0.0001642 1195.36 0.071252
1time 0.0001644 1195.36 0.0712432
1time 0.0001646 1195.36 0.0712344
1time 0.0001648 1195.35 0.0712257
1time 0.000165 1195.35 0.0712169
1time 0.0001652 1195.34 0.0712081
1time 0.0001654 1195.34 0.0711994
1time 0.0001656 1195.33 0.0711906
1time 0.0001658 1195.33 0.0711819
1time 0.000166 1195.32 0.0711732
1time 0.0001662 1195.32 0.0711645
1time 0.0001664 1195.32 0.0711558
1time 0.0001666 1195.31 0.0711471
1time 0.0001668 1195.31 0.0711384
1time 0.000167 1195.3 0.0711298
1time 0.0001672 1195.3 0.0711211
1time 0.0001674 1195.29 0.0711125
1time 0.0001676 1195.29 0.0711039
1time 0.0001678 1195.29 0.0710952
1time 0.000168 1195.28 0.0710866
1time 0.0001682 1195.28 0.071078
1time 0.0001684 1195.27 0.0710694
1time 0.0001686 1195.27 0.0710609
1time 0.0001688 1195.26 0.0710523
1time 0.000169 1195.26 0.0710437
1time 0.0001692 1195.25 0.0710352
1time 0.0001694 1195.25 0.0710267
1time 0.0001696 1195.25 0.0710181
1time 0.0001698 1195.24 0.0710096
1time 0.00017 1195.24 0.0710011
1time 0.0001702 1195.23 0.0709926
1time 0.0001704 1195.23 0.0709841
1time 0.0001706 1195.22 0.0709757
1time 0.0001708 1195.22 0.0709672
1time 0.000171 1195.21 0.0709587
1time 0.0001712 1195.21 0.0709503
1time 0.0001714 1195.21 0.0709419
1time 0.0001716 1195.2 0.0709334
1time 0.0001718 1195.2 0.070925
1time 0.000172 1195.19 0.0709166
1time 0.0001722 1195.19 0.0709082
1time 0.0001724 1195.18 0.0708998
1time 0.0001726 1195.18 0.0708915
1time 0.0001728 1195.17 0.0708831
1time 0.000173 1195.17 0.0708748
1time 0.0001732 1195.17 0.0708664
1time 0.0001734 1195.16 0.0708581
1time 0.0001736 1195.16 0.0708498
1time 0.0001738 1195.15 0.0708415
1time 0.000174 1195.15 0.0708331
1time 0.0001742 1195.14 0.0708249
1time 0.0001744 1195.14 0.0708166
1time 0.0001746 1195.13 0.0708083
1time 0.0001748 1195.13 0.0708
1time 0.000175 1195.13 0.0707918
1time 0.0001752 1195.12 0.0707835
1time 0.0001754 1195.12 0.0707753
1time 0.0001756 1195.11 0.0707671
1time 0.0001758 1195.11 0.0707589
1time 0.000176 1195.1 0.0707507
1time 0.0001762 1195.1 0.0707425
1time 0.0001764 1195.09 0.0707343
1time 0.0001766 1195.09 0.0707261
1time 0.0001768 1195.09 0.0707179
1time 0.000177 1195.08 0.0707098
1time 0.0001772 1195.08 0.0707016
1time 0.0001774 1195.07 0.0706935
1time 0.0001776 1195.07 0.0706854
1time 0.0001778 1195.06 0.0706773
1time 0.000178 1195.06 0.0706692
1time 0.0001782 1195.05 0.0706611
1time 0.0001784 1195.05 0.070653
1time 0.0001786 1195.05 0.0706449
1time 0.0001788 1195.04 0.0706368
1time 0.000179 1195.04 0.0706288
1time 0.0001792 1195.03 0.0706207
1time 0.0001794 1195.03 0.0706127
1time 0.0001796 1195.02 0.0706047
1time 0.0001798 1195.02 0.0705966
1time 0.00018 1195.02 0.0705886
1time 0.0001802 1195.01 0.0705806
1time 0.0001804 1195.01 0.0705726
1time 0.0001806 1195 0.0705646
1time 0.0001808 1195 0.0705567
1time 0.000181 1194.99 0.0705487
1time 0.0001812 1194.99 0.0705407
1time 0.0001814 1194.98 0.0705328
1time 0.0001816 1194.98 0.0705249
1time 0.0001818 1194.98 0.0705169
1time 0.000182 1194.97 0.070509
1time 0.0001822 1194.97 0.0705011
1time 0.0001824 1194.96 0.0704932
1time 0.0001826 1194.96 0.0704853
1time 0.0001828 1194.95 0.0704774
1time 0.000183 1194.95 0.0704696
1time 0.0001832 1194.94 0.0704617
1time 0.0001834 1194.94 0.0704538
1time 0.0001836 1194.94 0.070446
1time 0.0001838 1194.93 0.0704382
1time 0.000184 1194.93 0.0704303
1time 0.0001842 1194.92 0.0704225
1time 0.0001844 1194.92 0.0704147
1time 0.0001846 1194.91 0.0704069
1time 0.0001848 1194.91 0.0703991
1time 0.000185 1194.9 0.0703913
1time 0.0001852 1194.9 0.0703836
1time 0.0001854 1194.9 0.0703758
1time 0.0001856 1194.89 0.0703681
1time 0.0001858 1194.89 0.0703603
1time 0.000186 1194.88 0.0703526
1time 0.0001862 1194.88 0.0703448
1time 0.0001864 1194.87 0.0703371
1time 0.0001866 1194.87 0.0703294
1time 0.0001868 1194.86 0.0703217
1time 0.000187 1194.86 0.070314
1time 0.0001872 1194.86 0.0703063
1time 0.0001874 1194.85 0.0702987
1time 0.0001876 1194.85 0.070291
1time 0.0001878 1194.84 0.0702834
1time 0.000188 1194.84 0.0702757
1time 0.0001882 1194.83 0.0702681
1time 0.0001884 1194.83 0.0702604
1time 0.0001886 1194.82 0.0702528
1time 0.0001888 1194.82 0.0702452
1time 0.000189 1194.82 0.0702376
1time 0.0001892 1194.81 0.07023
1time 0.0001894 1194.81 0.0702224
1time 0.0001896 1194.8 0.0702148
1time 0.0001898 1194.8 0.0702073
1time 0.00019 1194.79 0.0701997
1time 0.0001902 1194.79 0.0701922
1time 0.0001904 1194.78 0.0701846
1time 0.0001906 1194.78 0.0701771
1time 0.0001908 1194.78 0.0701696
1time 0.000191 1194.77 0.070162
1time 0.0001912 1194.77 0.0701545
1time 0.0001914 1194.76 0.070147
1time 0.0001916 1194.76 0.0701395
1time 0.0001918 1194.75 0.0701321
1time 0.000192 1194.75 0.0701246
1time 0.0001922 1194.74 0.0701171
1time 0.0001924 1194.74 0.0701097
1time 0.0001926 1194.74 0.0701022
1time 0.0001928 1194.73 0.0700948
1time 0.000193 1194.73 0.0700874
1time 0.0001932 1194.72 0.0700799
1time 0.0001934 1194.72 0.0700725
1time 0.0001936 1194.71 0.0700651
1time 0.0001938 1194.71 0.0700577
1time 0.000194 1194.71 0.0700503
1time 0.0001942 1194.7 0.0700429
1time 0.0001944 1194.7 0.0700356
1time 0.0001946 1194.69 0.0700282
1time 0.0001948 1194.69 0.0700209
1time 0.000195 1194.68 0.0700135
1time 0.0001952 1194.68 0.0700062
1time 0.0001954 1194.67 0.0699988
1time 0.0001956 1194.67 0.0699915
1time 0.0001958 1194.67 0.0699842
1time 0.000196 1194.66 0.0699769
1time 0.0001962 1194.66 0.0699696
1time 0.0001964 1194.65 0.0699623
1time 0.0001966 1194.65 0.069955
1time 0.0001968 1194.64 0.0699478
1time 0.000197 1194.64 0.0699405
1time 0.0001972 1194.63 0.0699332
1time 0.0001974 1194.63 0.069926
1time 0.0001976 1194.63 0.0699187
1time 0.0001978 1194.62 0.0699115
1time 0.000198 1194.62 0.0699043
1time 0.0001982 1194.61 0.0698971
1time 0.0001984 1194.61 0.0698899
1time 0.0001986 1194.6 0.0698827
1time 0.0001988 1194.6 0.0698755
1time 0.000199 1194.59 0.0698683
1time 0.0001992 1194.59 0.0698611
1time 0.0001994 1194.59 0.069854
1time 0.0001996 1194.58 0.0698468
1time 0.0001998 1194.58 0.0698396
1time 0.0002 1194.57 0.0698325
1time 0.0002002 1194.57 0.0698254
1time 0.0002004 1194.56 0.0698182
1time 0.0002006 1194.56 0.0698111
1time 0.0002008 1194.55 0.069804
1time 0.000201 1194.55 0.0697969
1time 0.0002012 1194.55 0.0697898
1time 0.0002014 1194.54 0.0697827
1time 0.0002016 1194.54 0.0697756
1time 0.0002018 1194.53 0.0697686
1time 0.000202 1194.53 0.0697615
1time 0.0002022 1194.52 0.0697545
1time 0.0002024 1194.52 0.0697474
1time 0.0002026 1194.51 0.0697404
1time 0.0002028 1194.51 0.0697333
1time 0.000203 1194.51 0.0697263
1time 0.0002032 1194.5 0.0697193
1time 0.0002034 1194.5 0.0697123
1time 0.0002036 1194.49 0.0697053
1time 0.0002038 1194.49 0.0696983
1time 0.000204 1194.48 0.0696913
1time 0.0002042 1194.48 0.0696843
1time 0.0002044 1194.47 0.0696774
1time 0.0002046 1194.47 0.0696704
1time 0.0002048 1194.47 0.0696634
1time 0.000205 1194.46 0.0696565
1time 0.0002052 1194.46 0.0696496
1time 0.0002054 1194.45 0.0696426
1time 0.0002056 1194.45 0.0696357
1time 0.0002058 1194.44 0.0696288
1time 0.000206 1194.44 0.0696219
1time 0.0002062 1194.44 0.069615
1time 0.0002064 1194.43 0.0696081
1time 0.0002066 1194.43 0.0696012
1time 0.0002068 1194.42 0.0695943
1time 0.000207 1194.42 0.0695875
1time 0.0002072 1194.41 0.0695806
1time 0.0002074 1194.41 0.0695737
1time 0.0002076 1194.4 0.0695669
1time 0.0002078 1194.4 0.0695601
1time 0.000208 1194.4 0.0695532
1time 0.0002082 1194.39 0.0695464
1time 0.0002084 1194.39 0.0695396
1time 0.0002086 1194.38 0.0695328
1time 0.0002088 1194.38 0.069526
1time 0.000209 1194.37 0.0695192
1time 0.0002092 1194.37 0.0695124
1time 0.0002094 1194.36 0.0695056
1time 0.0002096 1194.36 0.0694988
1time 0.0002098 1194.36 0.0694921
1time 0.00021 1194.35 0.0694853
1time 0.0002102 1194.35 0.0694786
1time 0.0002104 1194.34 0.0694718
1time 0.0002106 1194.34 0.0694651
1time 0.0002108 1194.33 0.0694584
1time 0.000211 1194.33 0.0694517
1time 0.0002112 1194.32 0.0694449
1time 0.0002114 1194.32 0.0694382
1time 0.0002116 1194.32 0.0694315
1time 0.0002118 1194.31 0.0694249
1time 0.000212 1194.31 0.0694182
1time 0.0002122 1194.3 0.0694115
1time 0.0002124 1194.3 0.0694048
1time 0.0002126 1194.29 0.0693982
1time 0.0002128 1194.29 0.0693915
1time 0.000213 1194.28 0.0693849
1time 0.0002132 1194.28 0.0693782
1time 0.0002134 1194.28 0.0693716
1time 0.0002136 1194.27 0.069365
1time 0.0002138 1194.27 0.0693584
1time 0.000214 1194.26 0.0693517
1time 0.0002142 1194.26 0.0693451
1time 0.0002144 1194.25 0.0693385
1time 0.0002146 1194.25 0.069332
1time 0.0002148 1194.24 0.0693254
1time 0.000215 1194.24 0.0693188
1time 0.0002152 1194.24 0.0693122
1time 0.0002154 1194.23 0.0693057
1time 0.0002156 1194.23 0.0692991
1time 0.0002158 1194.22 0.0692926
1time 0.000216 1194.22 0.069286
1time 0.0002162 1194.21 0.0692795
1time 0.0002164 1194.21 0.069273
1time 0.0002166 1194.2 0.0692665
1time 0.0002168 1194.2 0.06926
1time 0.000217 1194.2 0.0692535
1time 0.0002172 1194.19 0.069247
1time 0.0002174 1194.19 0.0692405
1time 0.0002176 1194.18 0.069234
1time 0.0002178 1194.18 0.0692275
1time 0.000218 1194.17 0.0692211
1time 0.0002182 1194.17 0.0692146
1time 0.0002184 1194.16 0.0692081
1time 0.0002186 1194.16 0.0692017
1time 0.0002188 1194.16 0.0691953
1time 0.000219 1194.15 0.0691888
1time 0.0002192 1194.15 0.0691824
1time 0.0002194 1194.14 0.069176
1time 0.0002196 1194.14 0.0691696
1time 0.0002198 1194.13 0.0691632
1time 0.00022 1194.13 0.0691568
1time 0.0002202 1194.13 0.0691504
1time 0.0002204 1194.12 0.069144
1time 0.0002206 1194.12 0.0691376
1time 0.0002208 1194.11 0.0691313
1time 0.000221 1194.11 0.0691249
1time 0.0002212 1194.1 0.0691185
1time 0.0002214 1194.1 0.0691122
1time 0.0002216 1194.09 0.0691059
1time 0.0002218 1194.09 0.0690995
1time 0.000222 1194.09 0.0690932
1time 0.0002222 1194.08 0.0690869
1time 0.0002224 1194.08 0.0690806
1time 0.0002226 1194.07 0.0690743
1time 0.0002228 1194.07 0.069068
1time 0.000223 1194.06 0.0690617
1time 0.0002232 1194.06 0.0690554
1time 0.0002234 1194.05 0.0690491
1time 0.0002236 1194.05 0.0690428
1time 0.0002238 1194.05 0.0690366
1time 0.000224 1194.04 0.0690303
1time 0.0002242 1194.04 0.069024
1time 0.0002244 1194.03 0.0690178
1time 0.0002246 1194.03 0.0690116
1time 0.0002248 1194.02 0.0690053
1time 0.000225 1194.02 0.0689991
1time 0.0002252 1194.01 0.0689929
1time 0.0002254 1194.01 0.0689867
1time 0.0002256 1194.01 0.0689805
1time 0.0002258 1194 0.0689743
1time 0.000226 1194 0.0689681
1time 0.0002262 1193.99 0.0689619
1time 0.0002264 1193.99 0.0689557
1time 0.0002266 1193.98 0.0689495
1time 0.0002268 1193.98 0.0689434
1time 0.000227 1193.97 0.0689372
1time 0.0002272 1193.97 0.0689311
1time 0.0002274 1193.97 0.0689249
1time 0.0002276 1193.96 0.0689188
1time 0.0002278 1193.96 0.0689127
1time 0.000228 1193.95 0.0689065
1time 0.0002282 1193.95 0.0689004
1time 0.0002284 1193.94 0.0688943
1time 0.0002286 1193.94 0.0688882
1time 0.0002288 1193.93 0.0688821
1time 0.000229 1193.93 0.068876
1time 0.0002292 1193.93 0.0688699
1time 0.0002294 1193.92 0.0688638
1time 0.0002296 1193.92 0.0688578
1time 0.0002298 1193.91 0.0688517
1time 0.00023 1193.91 0.0688456
1time 0.0002302 1193.9 0.0688396
1time 0.0002304 1193.9 0.0688335
1time 0.0002306 1193.89 0.0688275
1time 0.0002308 1193.89 0.0688215
1time 0.000231 1193.89 0.0688154
1time 0.0002312 1193.88 0.0688094
1time 0.0002314 1193.88 0.0688034
1time 0.0002316 1193.87 0.0687974
1time 0.0002318 1193.87 0.0687914
1time 0.000232 1193.86 0.0687854
1time 0.0002322 1193.86 0.0687794
1time 0.0002324 1193.85 0.0687734
1time 0.0002326 1193.85 0.0687675
1time 0.0002328 1193.85 0.0687615
1time 0.000233 1193.84 0.0687555
1time 0.0002332 1193.84 0.0687496
1time 0.0002334 1193.83 0.0687436
1time 0.0002336 1193.83 0.0687377
1time 0.0002338 1193.82 0.0687317
1time 0.000234 1193.82 0.0687258
1time 0.0002342 1193.82 0.0687199
1time 0.0002344 1193.81 0.068714
1time 0.0002346 1193.81 0.068708
1time 0.0002348 1193.8 0.0687021
1time 0.000235 1193.8 0.0686962
1time 0.0002352 1193.79 0.0686904
1time 0.0002354 1193.79 0.0686845
1time 0.0002356 1193.78 0.0686786
1time 0.0002358 1193.78 0.0686727
1time 0.000236 1193.78 0.0686668
1time 0.0002362 1193.77 0.068661
1time 0.0002364 1193.77 0.0686551
1time 0.0002366 1193.76 0.0686493
1time 0.0002368 1193.76 0.0686434
1time 0.000237 1193.75 0.0686376
1time 0.0002372 1193.75 0.0686318
1time 0.0002374 1193.74 0.068626
1time 0.0002376 1193.74 0.0686201
1time 0.0002378 1193.74 0.0686143
1time 0.000238 1193.73 0.0686085
1time 0.0002382 1193.73 0.0686027
1time 0.0002384 1193.72 0.0685969
1time 0.0002386 1193.72 0.0685911
1time 0.0002388 1193.71 0.0685854
1time 0.000239 1193.71 0.0685796
1time 0.0002392 1193.7 0.0685738
1time 0.0002394 1193.7 0.0685681
1time 0.0002396 1193.7 0.0685623
1time 0.0002398 1193.69 0.0685566
1time 0.00024 1193.69 0.0685508
1time 0.0002402 1193.68 0.0685451
1time 0.0002404 1193.68 0.0685393
1time 0.0002406 1193.67 0.0685336
1time 0.0002408 1193.67 0.0685279
1time 0.000241 1193.66 0.0685222
1time 0.0002412 1193.66 0.0685165
1time 0.0002414 1193.66 0.0685108
1time 0.0002416 1193.65 0.0685051
1time 0.0002418 1193.65 0.0684994
1time 0.000242 1193.64 0.0684937
1time 0.0002422 1193.64 0.068488
1time 0.0002424 1193.63 0.0684824
1time 0.0002426 1193.63 0.0684767
1time 0.0002428 1193.62 0.068471
1time 0.000243 1193.62 0.0684654
1time 0.0002432 1193.62 0.0684597
1time 0.0002434 1193.61 0.0684541
1time 0.0002436 1193.61 0.0684485
1time 0.0002438 1193.6 0.0684428
1time 0.000244 1193.6 0.0684372
1time 0.0002442 1193.59 0.0684316
1time 0.0002444 1193.59 0.068426
1time 0.0002446 1193.58 0.0684204
1time 0.0002448 1193.58 0.0684148
1time 0.000245 1193.58 0.0684092
1time 0.0002452 1193.57 0.0684036
1time 0.0002454 1193.57 0.068398
1time 0.0002456 1193.56 0.0683925
1time 0.0002458 1193.56 0.0683869
1time 0.000246 1193.55 0.0683813
1time 0.0002462 1193.55 0.0683758
1time 0.0002464 1193.55 0.0683702
1time 0.0002466 1193.54 0.0683647
1time 0.0002468 1193.54 0.0683591
1time 0.000247 1193.53 0.0683536
1time 0.0002472 1193.53 0.0683481
1time 0.0002474 1193.52 0.0683426
1time 0.0002476 1193.52 0.068337
1time 0.0002478 1193.51 0.0683315
1time 0.000248 1193.51 0.068326
1time 0.0002482 1193.51 0.0683205
1time 0.0002484 1193.5 0.068315
1time 0.0002486 1193.5 0.0683096
1time 0.0002488 1193.49 0.0683041
1time 0.000249 1193.49 0.0682986
1time 0.0002492 1193.48 0.0682931
1time 0.0002494 1193.48 0.0682877
1time 0.0002496 1193.47 0.0682822
1time 0.0002498 1193.47 0.0682768
1time 0.00025 1193.47 0.0682713
1time 0.0002502 1193.46 0.0682659
1time 0.0002504 1193.46 0.0682605
1time 0.0002506 1193.45 0.068255
1time 0.0002508 1193.45 0.0682496
1time 0.000251 1193.44 0.0682442
1time 0.0002512 1193.44 0.0682388
1time 0.0002514 1193.43 0.0682334
1time 0.0002516 1193.43 0.068228
1time 0.0002518 1193.43 0.0682226
1time 0.000252 1193.42 0.0682172
1time 0.0002522 1193.42 0.0682118
1time 0.0002524 1193.41 0.0682064
1time 0.0002526 1193.41 0.0682011
1time 0.0002528 1193.4 0.0681957
1time 0.000253 1193.4 0.0681904
1time 0.0002532 1193.39 0.068185
1time 0.0002534 1193.39 0.0681797
1time 0.0002536 1193.39 0.0681743
1time 0.0002538 1193.38 0.068169
1time 0.000254 1193.38 0.0681636
1time 0.0002542 1193.37 0.0681583
1time 0.0002544 1193.37 0.068153
1time 0.0002546 1193.36 0.0681477
1time 0.0002548 1193.36 0.0681424
1time 0.000255 1193.35 0.0681371
1time 0.0002552 1193.35 0.0681318
1time 0.0002554 1193.35 0.0681265
1time 0.0002556 1193.34 0.0681212
1time 0.0002558 1193.34 0.0681159
1time 0.000256 1193.33 0.0681107
1time 0.0002562 1193.33 0.0681054
1time 0.0002564 1193.32 0.0681001
1time 0.0002566 1193.32 0.0680949
1time 0.0002568 1193.31 0.0680896
1time 0.000257 1193.31 0.0680844
1time 0.0002572 1193.31 0.0680791
1time 0.0002574 1193.3 0.0680739
1time 0.0002576 1193.3 0.0680687
1time 0.0002578 1193.29 0.0680634
1time 0.000258 1193.29 0.0680582
1time 0.0002582 1193.28 0.068053
1time 0.0002584 1193.28 0.0680478
1time 0.0002586 1193.27 0.0680426
1time 0.0002588 1193.27 0.0680374
1time 0.000259 1193.27 0.0680322
1time 0.0002592 1193.26 0.068027
1time 0.0002594 1193.26 0.0680219
1time 0.0002596 1193.25 0.0680167
1time 0.0002598 1193.25 0.0680115
1time 0.00026 1193.24 0.0680064
1time 0.0002602 1193.24 0.0680012
1time 0.0002604 1193.24 0.0679961
1time 0.0002606 1193.23 0.0679909
1time 0.0002608 1193.23 0.0679858
1time 0.000261 1193.22 0.0679806
1time 0.0002612 1193.22 0.0679755
1time 0.0002614 1193.21 0.0679704
1time 0.0002616 1193.21 0.0679653
1time 0.0002618 1193.2 0.0679601
1time 0.000262 1193.2 0.067955
1time 0.0002622 1193.2 0.0679499
1time 0.0002624 1193.19 0.0679448
1time 0.0002626 1193.19 0.0679398
1time 0.0002628 1193.18 0.0679347
1time 0.000263 1193.18 0.0679296
1time 0.0002632 1193.17 0.0679245
1time 0.0002634 1193.17 0.0679194
1time 0.0002636 1193.16 0.0679144
1time 0.0002638 1193.16 0.0679093
1time 0.000264 1193.16 0.0679043
1time 0.0002642 1193.15 0.0678992
1time 0.0002644 1193.15 0.0678942
1time 0.0002646 1193.14 0.0678891
1time 0.0002648 1193.14 0.0678841
1time 0.000265 1193.13 0.0678791
1time 0.0002652 1193.13 0.0678741
1time 0.0002654 1193.12 0.067869
1time 0.0002656 1193.12 0.067864
1time 0.0002658 1193.12 0.067859
1time 0.000266 1193.11 0.067854
1time 0.0002662 1193.11 0.067849
1time 0.0002664 1193.1 0.067844
1time 0.0002666 1193.1 0.0678391
1time 0.0002668 1193.09 0.0678341
1time 0.000267 1193.09 0.0678291
1time 0.0002672 1193.08 0.0678241
1time 0.0002674 1193.08 0.0678192
1time 0.0002676 1193.08 0.0678142
1time 0.0002678 1193.07 0.0678093
1time 0.000268 1193.07 0.0678043
1time 0.0002682 1193.06 0.0677994
1time 0.0002684 1193.06 0.0677944
1time 0.0002686 1193.05 0.0677895
1time 0.0002688 1193.05 0.0677846
1time 0.000269 1193.04 0.0677797
1time 0.0002692 1193.04 0.0677748
1time 0.0002694 1193.04 0.0677698
1time 0.0002696 1193.03 0.0677649
1time 0.0002698 1193.03 0.06776
1time 0.00027 1193.02 0.0677551
1time 0.0002702 1193.02 0.0677503
1time 0.0002704 1193.01 0.0677454
1time 0.0002706 1193.01 0.0677405
1time 0.0002708 1193 0.0677356
1time 0.000271 1193 0.0677308
1time 0.0002712 1193 0.0677259
1time 0.0002714 1192.99 0.067721
1time 0.0002716 1192.99 0.0677162
1time 0.0002718 1192.98 0.0677113
1time 0.000272 1192.98 0.0677065
1time 0.0002722 1192.97 0.0677017
1time 0.0002724 1192.97 0.0676968
1time 0.0002726 1192.97 0.067692
1time 0.0002728 1192.96 0.0676872
1time 0.000273 1192.96 0.0676824
1time 0.0002732 1192.95 0.0676776
1time 0.0002734 1192.95 0.0676727
1time 0.0002736 1192.94 0.0676679
1time 0.0002738 1192.94 0.0676632
1time 0.000274 1192.93 0.0676584
1time 0.0002742 1192.93 0.0676536
1time 0.0002744 1192.93 0.0676488
1time 0.0002746 1192.92 0.067644
1time 0.0002748 1192.92 0.0676393
1time 0.000275 1192.91 0.0676345
1time 0.0002752 1192.91 0.0676297
1time 0.0002754 1192.9 0.067625
1time 0.0002756 1192.9 0.0676202
1time 0.0002758 1192.89 0.0676155
1time 0.000276 1192.89 0.0676107
1time 0.0002762 1192.89 0.067606
1time 0.0002764 1192.88 0.0676013
1time 0.0002766 1192.88 0.0675966
1time 0.0002768 1192.87 0.0675918
1time 0.000277 1192.87 0.0675871
1time 0.0002772 1192.86 0.0675824
1time 0.0002774 1192.86 0.0675777
1time 0.0002776 1192.85 0.067573
1time 0.0002778 1192.85 0.0675683
1time 0.000278 1192.85 0.0675636
1time 0.0002782 1192.84 0.067559
1time 0.0002784 1192.84 0.0675543
1time 0.0002786 1192.83 0.0675496
1time 0.0002788 1192.83 0.0675449
1time 0.000279 1192.82 0.0675403
1time 0.0002792 1192.82 0.0675356
1time 0.0002794 1192.81 0.067531
1time 0.0002796 1192.81 0.0675263
1time 0.0002798 1192.81 0.0675217
1time 0.00028 1192.8 0.067517
1time 0.0002802 1192.8 0.0675124
1time 0.0002804 1192.79 0.0675078
1time 0.0002806 1192.79 0.0675031
1time 0.0002808 1192.78 0.0674985
1time 0.000281 1192.78 0.0674939
1time 0.0002812 1192.77 0.0674893
1time 0.0002814 1192.77 0.0674847
1time 0.0002816 1192.77 0.0674801
1time 0.0002818 1192.76 0.0674755
1time 0.000282 1192.76 0.0674709
1time 0.0002822 1192.75 0.0674663
1time 0.0002824 1192.75 0.0674618
1time 0.0002826 1192.74 0.0674572
1time 0.0002828 1192.74 0.0674526
1time 0.000283 1192.73 0.0674481
1time 0.0002832 1192.73 0.0674435
1time 0.0002834 1192.73 0.0674389
1time 0.0002836 1192.72 0.0674344
1time 0.0002838 1192.72 0.0674298
1time 0.000284 1192.71 0.0674253
1time 0.0002842 1192.71 0.0674208
1time 0.0002844 1192.7 0.0674162
1time 0.0002846 1192.7 0.0674117
1time 0.0002848 1192.69 0.0674072
1time 0.000285 1192.69 0.0674027
1time 0.0002852 1192.69 0.0673982
1time 0.0002854 1192.68 0.0673937
1time 0.0002856 1192.68 0.0673892
1time 0.0002858 1192.67 0.0673847
1time 0.000286 1192.67 0.0673802
1time 0.0002862 1192.66 0.0673757
1time 0.0002864 1192.66 0.0673712
1time 0.0002866 1192.66 0.0673667
1time 0.0002868 1192.65 0.0673623
1time 0.000287 1192.65 0.0673578
1time 0.0002872 1192.64 0.0673533
1time 0.0002874 1192.64 0.0673489
1time 0.0002876 1192.63 0.0673444
1time 0.0002878 1192.63 0.06734
1time 0.000288 1192.62 0.0673355
1time 0.0002882 1192.62 0.0673311
1time 0.0002884 1192.62 0.0673267
1time 0.0002886 1192.61 0.0673222
1time 0.0002888 1192.61 0.0673178
1time 0.000289 1192.6 0.0673134
1time 0.0002892 1192.6 0.067309
1time 0.0002894 1192.59 0.0673046
1time 0.0002896 1192.59 0.0673002
1time 0.0002898 1192.58 0.0672958
1time 0.00029 1192.58 0.0672914
1time 0.0002902 1192.58 0.067287
1time 0.0002904 1192.57 0.0672826
1time 0.0002906 1192.57 0.0672782
1time 0.0002908 1192.56 0.0672739
1time 0.000291 1192.56 0.0672695
1time 0.0002912 1192.55 0.0672651
1time 0.0002914 1192.55 0.0672608
1time 0.0002916 1192.54 0.0672564
1time 0.0002918 1192.54 0.067252
1time 0.000292 1192.54 0.0672477
1time 0.0002922 1192.53 0.0672434
1time 0.0002924 1192.53 0.067239
1time 0.0002926 1192.52 0.0672347
1time 0.0002928 1192.52 0.0672304
1time 0.000293 1192.51 0.067226
1time 0.0002932 1192.51 0.0672217
1time 0.0002934 1192.5 0.0672174
1time 0.0002936 1192.5 0.0672131
1time 0.0002938 1192.5 0.0672088
1time 0.000294 1192.49 0.0672045
1time 0.0002942 1192.49 0.0672002
1time 0.0002944 1192.48 0.0671959
1time 0.0002946 1192.48 0.0671916
1time 0.0002948 1192.47 0.0671873
1time 0.000295 1192.47 0.0671831
1time 0.0002952 1192.46 0.0671788
1time 0.0002954 1192.46 0.0671745
1time 0.0002956 1192.46 0.0671703
1time 0.0002958 1192.45 0.067166
1time 0.000296 1192.45 0.0671618
1time 0.0002962 1192.44 0.0671575
1time 0.0002964 1192.44 0.0671533
1time 0.0002966 1192.43 0.067149
1time 0.0002968 1192.43 0.0671448
1time 0.000297 1192.42 0.0671406
1time 0.0002972 1192.42 0.0671363
1time 0.0002974 1192.42 0.0671321
1time 0.0002976 1192.41 0.0671279
1time 0.0002978 1192.41 0.0671237
1time 0.000298 1192.4 0.0671195
1time 0.0002982 1192.4 0.0671153
1time 0.0002984 1192.39 0.0671111
1time 0.0002986 1192.39 0.0671069
1time 0.0002988 1192.38 0.0671027
1time 0.000299 1192.38 0.0670985
1time 0.0002992 1192.38 0.0670943
1time 0.0002994 1192.37 0.0670901
1time 0.0002996 1192.37 0.067086
1time 0.0002998 1192.36 0.0670818
1time 0.0003 1192.36 0.0670777
1time 0.0003002 1192.35 0.0670735
1time 0.0003004 1192.35 0.0670693
1time 0.0003006 1192.35 0.0670652
1time 0.0003008 1192.34 0.0670611
1time 0.000301 1192.34 0.0670569
1time 0.0003012 1192.33 0.0670528
1time 0.0003014 1192.33 0.0670487
1time 0.0003016 1192.32 0.0670445
1time 0.0003018 1192.32 0.0670404
1time 0.000302 1192.31 0.0670363
1time 0.0003022 1192.31 0.0670322
1time 0.0003024 1192.31 0.0670281
1time 0.0003026 1192.3 0.067024
1time 0.0003028 1192.3 0.0670199
1time 0.000303 1192.29 0.0670158
1time 0.0003032 1192.29 0.0670117
1time 0.0003034 1192.28 0.0670076
1time 0.0003036 1192.28 0.0670035
1time 0.0003038 1192.27 0.0669995
1time 0.000304 1192.27 0.0669954
1time 0.0003042 1192.27 0.0669913
1time 0.0003044 1192.26 0.0669873
1time 0.0003046 1192.26 0.0669832
1time 0.0003048 1192.25 0.0669792
1time 0.000305 1192.25 0.0669751
1time 0.0003052 1192.24 0.0669711
1time 0.0003054 1192.24 0.066967
1time 0.0003056 1192.23 0.066963
1time 0.0003058 1192.23 0.066959
1time 0.000306 1192.23 0.0669549
1time 0.0003062 1192.22 0.0669509
1time 0.0003064 1192.22 0.0669469
1time 0.0003066 1192.21 0.0669429
1time 0.0003068 1192.21 0.0669389
1time 0.000307 1192.2 0.0669349
1time 0.0003072 1192.2 0.0669309
1time 0.0003074 1192.19 0.0669269
1time 0.0003076 1192.19 0.0669229
1time 0.0003078 1192.19 0.0669189
1time 0.000308 1192.18 0.0669149
1time 0.0003082 1192.18 0.0669109
1time 0.0003084 1192.17 0.066907
1time 0.0003086 1192.17 0.066903
1time 0.0003088 1192.16 0.066899
1time 0.000309 1192.16 0.0668951
1time 0.0003092 1192.15 0.0668911
1time 0.0003094 1192.15 0.0668872
1time 0.0003096 1192.15 0.0668832
1time 0.0003098 1192.14 0.0668793
1time 0.00031 1192.14 0.0668753
1time 0.0003102 1192.13 0.0668714
1time 0.0003104 1192.13 0.0668675
1time 0.0003106 1192.12 0.0668636
1time 0.0003108 1192.12 0.0668596
1time 0.000311 1192.11 0.0668557
1time 0.0003112 1192.11 0.0668518
1time 0.0003114 1192.11 0.0668479
1time 0.0003116 1192.1 0.066844
1time 0.0003118 1192.1 0.0668401
1time 0.000312 1192.09 0.0668362
1time 0.0003122 1192.09 0.0668323
1time 0.0003124 1192.08 0.0668284
1time 0.0003126 1192.08 0.0668246
1time 0.0003128 1192.08 0.0668207
1time 0.000313 1192.07 0.0668168
1time 0.0003132 1192.07 0.0668129
1time 0.0003134 1192.06 0.0668091
1time 0.0003136 1192.06 0.0668052
1time 0.0003138 1192.05 0.0668014
1time 0.000314 1192.05 0.0667975
1time 0.0003142 1192.04 0.0667937
1time 0.0003144 1192.04 0.0667898
1time 0.0003146 1192.04 0.066786
1time 0.0003148 1192.03 0.0667822
1time 0.000315 1192.03 0.0667783
1time 0.0003152 1192.02 0.0667745
1time 0.0003154 1192.02 0.0667707
1time 0.0003156 1192.01 0.0667669
1time 0.0003158 1192.01 0.0667631
1time 0.000316 1192 0.0667593
1time 0.0003162 1192 0.0667554
1time 0.0003164 1192 0.0667517
1time 0.0003166 1191.99 0.0667479
1time 0.0003168 1191.99 0.0667441
1time 0.000317 1191.98 0.0667403
1time 0.0003172 1191.98 0.0667365
1time 0.0003174 1191.97 0.0667327
1time 0.0003176 1191.97 0.0667289
1time 0.0003178 1191.96 0.0667252
1time 0.000318 1191.96 0.0667214
1time 0.0003182 1191.96 0.0667177
1time 0.0003184 1191.95 0.0667139
1time 0.0003186 1191.95 0.0667101
1time 0.0003188 1191.94 0.0667064
1time 0.000319 1191.94 0.0667027
1time 0.0003192 1191.93 0.0666989
1time 0.0003194 1191.93 0.0666952
1time 0.0003196 1191.92 0.0666914
1time 0.0003198 1191.92 0.0666877
1time 0.00032 1191.92 0.066684
1time 0.0003202 1191.91 0.0666803
1time 0.0003204 1191.91 0.0666766
1time 0.0003206 1191.9 0.0666729
1time 0.0003208 1191.9 0.0666692
1time 0.000321 1191.89 0.0666654
1time 0.0003212 1191.89 0.0666618
1time 0.0003214 1191.88 0.0666581
1time 0.0003216 1191.88 0.0666544
1time 0.0003218 1191.88 0.0666507
1time 0.000322 1191.87 0.066647
1time 0.0003222 1191.87 0.0666433
1time 0.0003224 1191.86 0.0666397
1time 0.0003226 1191.86 0.066636
1time 0.0003228 1191.85 0.0666323
1time 0.000323 1191.85 0.0666287
1time 0.0003232 1191.84 0.066625
1time 0.0003234 1191.84 0.0666214
1time 0.0003236 1191.84 0.0666177
1time 0.0003238 1191.83 0.0666141
1time 0.000324 1191.83 0.0666104
1time 0.0003242 1191.82 0.0666068
1time 0.0003244 1191.82 0.0666032
1time 0.0003246 1191.81 0.0665995
1time 0.0003248 1191.81 0.0665959
1time 0.000325 1191.8 0.0665923
1time 0.0003252 1191.8 0.0665887
1time 0.0003254 1191.8 0.0665851
1time 0.0003256 1191.79 0.0665815
1time 0.0003258 1191.79 0.0665779
1time 0.000326 1191.78 0.0665743
1time 0.0003262 1191.78 0.0665707
1time 0.0003264 1191.77 0.0665671
1time 0.0003266 1191.77 0.0665635
1time 0.0003268 1191.77 0.0665599
1time 0.000327 1191.76 0.0665563
1time 0.0003272 1191.76 0.0665528
1time 0.0003274 1191.75 0.0665492
1time 0.0003276 1191.75 0.0665456
1time 0.0003278 1191.74 0.0665421
1time 0.000328 1191.74 0.0665385
1time 0.0003282 1191.73 0.066535
1time 0.0003284 1191.73 0.0665314
1time 0.0003286 1191.73 0.0665279
1time 0.0003288 1191.72 0.0665243
1time 0.000329 1191.72 0.0665208
1time 0.0003292 1191.71 0.0665173
1time 0.0003294 1191.71 0.0665137
1time 0.0003296 1191.7 0.0665102
1time 0.0003298 1191.7 0.0665067
1time 0.00033 1191.69 0.0665032
1time 0.0003302 1191.69 0.0664997
1time 0.0003304 1191.69 0.0664962
1time 0.0003306 1191.68 0.0664927
1time 0.0003308 1191.68 0.0664892
1time 0.000331 1191.67 0.0664857
1time 0.0003312 1191.67 0.0664822
1time 0.0003314 1191.66 0.0664787
1time 0.0003316 1191.66 0.0664752
1time 0.0003318 1191.65 0.0664717
1time 0.000332 1191.65 0.0664682
1time 0.0003322 1191.65 0.0664648
1time 0.0003324 1191.64 0.0664613
1time 0.0003326 1191.64 0.0664578
1time 0.0003328 1191.63 0.0664544
1time 0.000333 1191.63 0.0664509
1time 0.0003332 1191.62 0.0664475
1time 0.0003334 1191.62 0.066444
1time 0.0003336 1191.61 0.0664406
1time 0.0003338 1191.61 0.0664371
1time 0.000334 1191.61 0.0664337
1time 0.0003342 1191.6 0.0664303
1time 0.0003344 1191.6 0.0664268
1time 0.0003346 1191.59 0.0664234
1time 0.0003348 1191.59 0.06642
1time 0.000335 1191.58 0.0664166
1time 0.0003352 1191.58 0.0664132
1time 0.0003354 1191.57 0.0664098
1time 0.0003356 1191.57 0.0664064
1time 0.0003358 1191.57 0.066403
1time 0.000336 1191.56 0.0663996
1time 0.0003362 1191.56 0.0663962
1time 0.0003364 1191.55 0.0663928
1time 0.0003366 1191.55 0.0663894
1time 0.0003368 1191.54 0.066386
1time 0.000337 1191.54 0.0663827
1time 0.0003372 1191.53 0.0663793
1time 0.0003374 1191.53 0.0663759
1time 0.0003376 1191.53 0.0663726
1time 0.0003378 1191.52 0.0663692
1time 0.000338 1191.52 0.0663658
1time 0.0003382 1191.51 0.0663625
1time 0.0003384 1191.51 0.0663591
1time 0.0003386 1191.5 0.0663558
1time 0.0003388 1191.5 0.0663525
1time 0.000339 1191.5 0.0663491
1time 0.0003392 1191.49 0.0663458
1time 0.0003394 1191.49 0.0663425
1time 0.0003396 1191.48 0.0663391
1time 0.0003398 1191.48 0.0663358
1time 0.00034 1191.47 0.0663325
1time 0.0003402 1191.47 0.0663292
1time 0.0003404 1191.46 0.0663259
1time 0.0003406 1191.46 0.0663226
1time 0.0003408 1191.46 0.0663193
1time 0.000341 1191.45 0.066316
1time 0.0003412 1191.45 0.0663127
1time 0.0003414 1191.44 0.0663094
1time 0.0003416 1191.44 0.0663061
1time 0.0003418 1191.43 0.0663028
1time 0.000342 1191.43 0.0662996
1time 0.0003422 1191.42 0.0662963
1time 0.0003424 1191.42 0.066293
1time 0.0003426 1191.42 0.0662897
1time 0.0003428 1191.41 0.0662865
1time 0.000343 1191.41 0.0662832
1time 0.0003432 1191.4 0.06628
1time 0.0003434 1191.4 0.0662767
1time 0.0003436 1191.39 0.0662735
1time 0.0003438 1191.39 0.0662702
1time 0.000344 1191.38 0.066267
1time 0.0003442 1191.38 0.0662638
1time 0.0003444 1191.38 0.0662605
1time 0.0003446 1191.37 0.0662573
1time 0.0003448 1191.37 0.0662541
1time 0.000345 1191.36 0.0662509
1time 0.0003452 1191.36 0.0662476
1time 0.0003454 1191.35 0.0662444
1time 0.0003456 1191.35 0.0662412
1time 0.0003458 1191.34 0.066238
1time 0.000346 1191.34 0.0662348
1time 0.0003462 1191.34 0.0662316
1time 0.0003464 1191.33 0.0662284
1time 0.0003466 1191.33 0.0662252
1time 0.0003468 1191.32 0.0662221
1time 0.000347 1191.32 0.0662189
1time 0.0003472 1191.31 0.0662157
1time 0.0003474 1191.31 0.0662125
1time 0.0003476 1191.3 0.0662094
1time 0.0003478 1191.3 0.0662062
1time 0.000348 1191.3 0.066203
1time 0.0003482 1191.29 0.0661999
1time 0.0003484 1191.29 0.0661967
1time 0.0003486 1191.28 0.0661936
1time 0.0003488 1191.28 0.0661904
1time 0.000349 1191.27 0.0661873
1time 0.0003492 1191.27 0.0661841
1time 0.0003494 1191.26 0.066181
1time 0.0003496 1191.26 0.0661779
1time 0.0003498 1191.26 0.0661747
1time 0.00035 1191.25 0.0661716
1time 0.0003502 1191.25 0.0661685
1time 0.0003504 1191.24 0.0661654
1time 0.0003506 1191.24 0.0661623
1time 0.0003508 1191.23 0.0661592
1time 0.000351 1191.23 0.0661561
1time 0.0003512 1191.22 0.066153
1time 0.0003514 1191.22 0.0661499
1time 0.0003516 1191.22 0.0661468
1time 0.0003518 1191.21 0.0661437
1time 0.000352 1191.21 0.0661406
1time 0.0003522 1191.2 0.0661375
1time 0.0003524 1191.2 0.0661344
1time 0.0003526 1191.19 0.0661314
1time 0.0003528 1191.19 0.0661283
1time 0.000353 1191.19 0.0661252
1time 0.0003532 1191.18 0.0661221
1time 0.0003534 1191.18 0.0661191
1time 0.0003536 1191.17 0.066116
1time 0.0003538 1191.17 0.066113
1time 0.000354 1191.16 0.0661099
1time 0.0003542 1191.16 0.0661069
1time 0.0003544 1191.15 0.0661038
1time 0.0003546 1191.15 0.0661008
1time 0.0003548 1191.15 0.0660978
1time 0.000355 1191.14 0.0660947
1time 0.0003552 1191.14 0.0660917
1time 0.0003554 1191.13 0.0660887
1time 0.0003556 1191.13 0.0660857
1time 0.0003558 1191.12 0.0660827
1time 0.000356 1191.12 0.0660797
1time 0.0003562 1191.11 0.0660766
1time 0.0003564 1191.11 0.0660736
1time 0.0003566 1191.11 0.0660706
1time 0.0003568 1191.1 0.0660676
1time 0.000357 1191.1 0.0660647
1time 0.0003572 1191.09 0.0660617
1time 0.0003574 1191.09 0.0660587
1time 0.0003576 1191.08 0.0660557
1time 0.0003578 1191.08 0.0660527
1time 0.000358 1191.07 0.0660497
1time 0.0003582 1191.07 0.0660468
1time 0.0003584 1191.07 0.0660438
1time 0.0003586 1191.06 0.0660408
1time 0.0003588 1191.06 0.0660379
1time 0.000359 1191.05 0.0660349
1time 0.0003592 1191.05 0.066032
1time 0.0003594 1191.04 0.066029
1time 0.0003596 1191.04 0.0660261
1time 0.0003598 1191.03 0.0660231
1time 0.00036 1191.03 0.0660202
1time 0.0003602 1191.03 0.0660173
1time 0.0003604 1191.02 0.0660143
1time 0.0003606 1191.02 0.0660114
1time 0.0003608 1191.01 0.0660085
1time 0.000361 1191.01 0.0660056
1time 0.0003612 1191 0.0660026
1time 0.0003614 1191 0.0659997
1time 0.0003616 1190.99 0.0659968
1time 0.0003618 1190.99 0.0659939
1time 0.000362 1190.99 0.065991
1time 0.0003622 1190.98 0.0659881
1time 0.0003624 1190.98 0.0659852
1time 0.0003626 1190.97 0.0659823
1time 0.0003628 1190.97 0.0659794
1time 0.000363 1190.96 0.0659766
1time 0.0003632 1190.96 0.0659737
1time 0.0003634 1190.95 0.0659708
1time 0.0003636 1190.95 0.0659679
1time 0.0003638 1190.95 0.0659651
1time 0.000364 1190.94 0.0659622
1time 0.0003642 1190.94 0.0659593
1time 0.0003644 1190.93 0.0659565
1time 0.0003646 1190.93 0.0659536
1time 0.0003648 1190.92 0.0659508
1time 0.000365 1190.92 0.0659479
1time 0.0003652 1190.91 0.0659451
1time 0.0003654 1190.91 0.0659422
1time 0.0003656 1190.91 0.0659394
1time 0.0003658 1190.9 0.0659366
1time 0.000366 1190.9 0.0659337
1time 0.0003662 1190.89 0.0659309
1time 0.0003664 1190.89 0.0659281
1time 0.0003666 1190.88 0.0659253
1time 0.0003668 1190.88 0.0659225
1time 0.000367 1190.88 0.0659196
1time 0.0003672 1190.87 0.0659168
1time 0.0003674 1190.87 0.065914
1time 0.0003676 1190.86 0.0659112
1time 0.0003678 1190.86 0.0659084
1time 0.000368 1190.85 0.0659056
1time 0.0003682 1190.85 0.0659029
1time 0.0003684 1190.84 0.0659001
1time 0.0003686 1190.84 0.0658973
1time 0.0003688 1190.84 0.0658945
1time 0.000369 1190.83 0.0658917
1time 0.0003692 1190.83 0.065889
1time 0.0003694 1190.82 0.0658862
1time 0.0003696 1190.82 0.0658834
1time 0.0003698 1190.81 0.0658807
1time 0.00037 1190.81 0.0658779
1time 0.0003702 1190.8 0.0658752
1time 0.0003704 1190.8 0.0658724
1time 0.0003706 1190.8 0.0658697
1time 0.0003708 1190.79 0.0658669
1time 0.000371 1190.79 0.0658642
1time 0.0003712 1190.78 0.0658614
1time 0.0003714 1190.78 0.0658587
1time 0.0003716 1190.77 0.065856
1time 0.0003718 1190.77 0.0658532
1time 0.000372 1190.76 0.0658505
1time 0.0003722 1190.76 0.0658478
1time 0.0003724 1190.76 0.0658451
1time 0.0003726 1190.75 0.0658424
1time 0.0003728 1190.75 0.0658397
1time 0.000373 1190.74 0.065837
1time 0.0003732 1190.74 0.0658343
1time 0.0003734 1190.73 0.0658316
1time 0.0003736 1190.73 0.0658289
1time 0.0003738 1190.72 0.0658262
1time 0.000374 1190.72 0.0658235
1time 0.0003742 1190.72 0.0658208
1time 0.0003744 1190.71 0.0658181
1time 0.0003746 1190.71 0.0658154
1time 0.0003748 1190.7 0.0658128
1time 0.000375 1190.7 0.0658101
1time 0.0003752 1190.69 0.0658074
1time 0.0003754 1190.69 0.0658048
1time 0.0003756 1190.68 0.0658021
1time 0.0003758 1190.68 0.0657995
1time 0.000376 1190.68 0.0657968
1time 0.0003762 1190.67 0.0657942
1time 0.0003764 1190.67 0.0657915
1time 0.0003766 1190.66 0.0657889
1time 0.0003768 1190.66 0.0657862
1time 0.000377 1190.65 0.0657836
1time 0.0003772 1190.65 0.065781
1time 0.0003774 1190.64 0.0657783
1time 0.0003776 1190.64 0.0657757
1time 0.0003778 1190.64 0.0657731
1time 0.000378 1190.63 0.0657705
1time 0.0003782 1190.63 0.0657679
1time 0.0003784 1190.62 0.0657652
1time 0.0003786 1190.62 0.0657626
1time 0.0003788 1190.61 0.06576
1time 0.000379 1190.61 0.0657574
1time 0.0003792 1190.61 0.0657548
1time 0.0003794 1190.6 0.0657522
1time 0.0003796 1190.6 0.0657497
1time 0.0003798 1190.59 0.0657471
1time 0.00038 1190.59 0.0657445
1time 0.0003802 1190.58 0.0657419
1time 0.0003804 1190.58 0.0657393
1time 0.0003806 1190.57 0.0657368
1time 0.0003808 1190.57 0.0657342
1time 0.000381 1190.57 0.0657316
1time 0.0003812 1190.56 0.065729
1time 0.0003814 1190.56 0.0657265
1time 0.0003816 1190.55 0.0657239
1time 0.0003818 1190.55 0.0657214
1time 0.000382 1190.54 0.0657188
1time 0.0003822 1190.54 0.0657163
1time 0.0003824 1190.53 0.0657137
1time 0.0003826 1190.53 0.0657112
1time 0.0003828 1190.53 0.0657087
1time 0.000383 1190.52 0.0657061
1time 0.0003832 1190.52 0.0657036
1time 0.0003834 1190.51 0.0657011
1time 0.0003836 1190.51 0.0656986
1time 0.0003838 1190.5 0.065696
1time 0.000384 1190.5 0.0656935
1time 0.0003842 1190.49 0.065691
1time 0.0003844 1190.49 0.0656885
1time 0.0003846 1190.49 0.065686
1time 0.0003848 1190.48 0.0656835
1time 0.000385 1190.48 0.065681
1time 0.0003852 1190.47 0.0656785
1time 0.0003854 1190.47 0.065676
1time 0.0003856 1190.46 0.0656735
1time 0.0003858 1190.46 0.065671
1time 0.000386 1190.45 0.0656686
1time 0.0003862 1190.45 0.0656661
1time 0.0003864 1190.45 0.0656636
1time 0.0003866 1190.44 0.0656611
1time 0.0003868 1190.44 0.0656587
1time 0.000387 1190.43 0.0656562
1time 0.0003872 1190.43 0.0656537
1time 0.0003874 1190.42 0.0656513
1time 0.0003876 1190.42 0.0656488
1time 0.0003878 1190.41 0.0656464
1time 0.000388 1190.41 0.0656439
1time 0.0003882 1190.41 0.0656415
1time 0.0003884 1190.4 0.0656391
1time 0.0003886 1190.4 0.0656366
1time 0.0003888 1190.39 0.0656342
1time 0.000389 1190.39 0.0656318
1time 0.0003892 1190.38 0.0656293
1time 0.0003894 1190.38 0.0656269
1time 0.0003896 1190.37 0.0656245
1time 0.0003898 1190.37 0.0656221
1time 0.00039 1190.37 0.0656196
1time 0.0003902 1190.36 0.0656172
1time 0.0003904 1190.36 0.0656148
1time 0.0003906 1190.35 0.0656124
1time 0.0003908 1190.35 0.06561
1time 0.000391 1190.34 0.0656076
1time 0.0003912 1190.34 0.0656052
1time 0.0003914 1190.33 0.0656028
1time 0.0003916 1190.33 0.0656005
1time 0.0003918 1190.33 0.0655981
1time 0.000392 1190.32 0.0655957
1time 0.0003922 1190.32 0.0655933
1time 0.0003924 1190.31 0.0655909
1time 0.0003926 1190.31 0.0655886
1time 0.0003928 1190.3 0.0655862
1time 0.000393 1190.3 0.0655838
1time 0.0003932 1190.3 0.0655815
1time 0.0003934 1190.29 0.0655791
1time 0.0003936 1190.29 0.0655768
1time 0.0003938 1190.28 0.0655744
1time 0.000394 1190.28 0.0655721
1time 0.0003942 1190.27 0.0655697
1time 0.0003944 1190.27 0.0655674
1time 0.0003946 1190.26 0.065565
1time 0.0003948 1190.26 0.0655627
1time 0.000395 1190.26 0.0655604
1time 0.0003952 1190.25 0.065558
1time 0.0003954 1190.25 0.0655557
1time 0.0003956 1190.24 0.0655534
1time 0.0003958 1190.24 0.0655511
1time 0.000396 1190.23 0.0655488
1time 0.0003962 1190.23 0.0655464
1time 0.0003964 1190.22 0.0655441
1time 0.0003966 1190.22 0.0655418
1time 0.0003968 1190.22 0.0655395
1time 0.000397 1190.21 0.0655372
1time 0.0003972 1190.21 0.0655349
1time 0.0003974 1190.2 0.0655326
1time 0.0003976 1190.2 0.0655304
1time 0.0003978 1190.19 0.0655281
1time 0.000398 1190.19 0.0655258
1time 0.0003982 1190.18 0.0655235
1time 0.0003984 1190.18 0.0655212
1time 0.0003986 1190.18 0.065519
1time 0.0003988 1190.17 0.0655167
1time 0.000399 1190.17 0.0655144
1time 0.0003992 1190.16 0.0655122
1time 0.0003994 1190.16 0.0655099
1time 0.0003996 1190.15 0.0655076
1time 0.0003998 1190.15 0.0655054
1time 0.0004 1190.14 0.0655031
1time 0.0004002 1190.14 0.0655009
1time 0.0004004 1190.14 0.0654986
1time 0.0004006 1190.13 0.0654964
1time 0.0004008 1190.13 0.0654942
1time 0.000401 1190.12 0.0654919
1time 0.0004012 1190.12 0.0654897
1time 0.0004014 1190.11 0.0654875
1time 0.0004016 1190.11 0.0654853
1time 0.0004018 1190.1 0.065483
1time 0.000402 1190.1 0.0654808
1time 0.0004022 1190.1 0.0654786
1time 0.0004024 1190.09 0.0654764
1time 0.0004026 1190.09 0.0654742
1time 0.0004028 1190.08 0.065472
1time 0.000403 1190.08 0.0654698
1time 0.0004032 1190.07 0.0654676
1time 0.0004034 1190.07 0.0654654
1time 0.0004036 1190.06 0.0654632
1time 0.0004038 1190.06 0.065461
1time 0.000404 1190.06 0.0654588
1time 0.0004042 1190.05 0.0654566
1time 0.0004044 1190.05 0.0654545
1time 0.0004046 1190.04 0.0654523
1time 0.0004048 1190.04 0.0654501
1time 0.000405 1190.03 0.0654479
1time 0.0004052 1190.03 0.0654458
1time 0.0004054 1190.03 0.0654436
1time 0.0004056 1190.02 0.0654414
1time 0.0004058 1190.02 0.0654393
1time 0.000406 1190.01 0.0654371
1time 0.0004062 1190.01 0.065435
1time 0.0004064 1190 0.0654328
1time 0.0004066 1190 0.0654307
1time 0.0004068 1189.99 0.0654285
1time 0.000407 1189.99 0.0654264
1time 0.0004072 1189.99 0.0654243
1time 0.0004074 1189.98 0.0654221
1time 0.0004076 1189.98 0.06542
1time 0.0004078 1189.97 0.0654179
1time 0.000408 1189.97 0.0654158
1time 0.0004082 1189.96 0.0654136
1time 0.0004084 1189.96 0.0654115
1time 0.0004086 1189.95 0.0654094
1time 0.0004088 1189.95 0.0654073
1time 0.000409 1189.95 0.0654052
1time 0.0004092 1189.94 0.0654031
1time 0.0004094 1189.94 0.065401
1time 0.0004096 1189.93 0.0653989
1time 0.0004098 1189.93 0.0653968
1time 0.00041 1189.92 0.0653947
1time 0.0004102 1189.92 0.0653926
1time 0.0004104 1189.91 0.0653906
1time 0.0004106 1189.91 0.0653885
1time 0.0004108 1189.91 0.0653864
1time 0.000411 1189.9 0.0653843
1time 0.0004112 1189.9 0.0653822
1time 0.0004114 1189.89 0.0653802
1time 0.0004116 1189.89 0.0653781
1time 0.0004118 1189.88 0.065376
1time 0.000412 1189.88 0.065374
1time 0.0004122 1189.87 0.0653719
1time 0.0004124 1189.87 0.0653699
1time 0.0004126 1189.87 0.0653678
1time 0.0004128 1189.86 0.0653658
1time 0.000413 1189.86 0.0653637
1time 0.0004132 1189.85 0.0653617
1time 0.0004134 1189.85 0.0653597
1time 0.0004136 1189.84 0.0653576
1time 0.0004138 1189.84 0.0653556
1time 0.000414 1189.83 0.0653536
1time 0.0004142 1189.83 0.0653515
1time 0.0004144 1189.83 0.0653495
1time 0.0004146 1189.82 0.0653475
1time 0.0004148 1189.82 0.0653455
1time 0.000415 1189.81 0.0653435
1time 0.0004152 1189.81 0.0653415
1time 0.0004154 1189.8 0.0653395
1time 0.0004156 1189.8 0.0653375
1time 0.0004158 1189.79 0.0653355
1time 0.000416 1189.79 0.0653335
1time 0.0004162 1189.79 0.0653315
1time 0.0004164 1189.78 0.0653295
1time 0.0004166 1189.78 0.0653275
1time 0.0004168 1189.77 0.0653255
1time 0.000417 1189.77 0.0653235
1time 0.0004172 1189.76 0.0653216
1time 0.0004174 1189.76 0.0653196
1time 0.0004176 1189.75 0.0653176
1time 0.0004178 1189.75 0.0653156
1time 0.000418 1189.75 0.0653137
1time 0.0004182 1189.74 0.0653117
1time 0.0004184 1189.74 0.0653097
1time 0.0004186 1189.73 0.0653078
1time 0.0004188 1189.73 0.0653058
1time 0.000419 1189.72 0.0653039
1time 0.0004192 1189.72 0.0653019
1time 0.0004194 1189.72 0.0653
1time 0.0004196 1189.71 0.0652981
1time 0.0004198 1189.71 0.0652961
1time 0.00042 1189.7 0.0652942
1time 0.0004202 1189.7 0.0652922
1time 0.0004204 1189.69 0.0652903
1time 0.0004206 1189.69 0.0652884
1time 0.0004208 1189.68 0.0652865
1time 0.000421 1189.68 0.0652846
1time 0.0004212 1189.68 0.0652826
1time 0.0004214 1189.67 0.0652807
1time 0.0004216 1189.67 0.0652788
1time 0.0004218 1189.66 0.0652769
1time 0.000422 1189.66 0.065275
1time 0.0004222 1189.65 0.0652731
1time 0.0004224 1189.65 0.0652712
1time 0.0004226 1189.64 0.0652693
1time 0.0004228 1189.64 0.0652674
1time 0.000423 1189.64 0.0652655
1time 0.0004232 1189.63 0.0652636
1time 0.0004234 1189.63 0.0652618
1time 0.0004236 1189.62 0.0652599
1time 0.0004238 1189.62 0.065258
1time 0.000424 1189.61 0.0652561
1time 0.0004242 1189.61 0.0652543
1time 0.0004244 1189.6 0.0652524
1time 0.0004246 1189.6 0.0652505
1time 0.0004248 1189.6 0.0652487
1time 0.000425 1189.59 0.0652468
1time 0.0004252 1189.59 0.0652449
1time 0.0004254 1189.58 0.0652431
1time 0.0004256 1189.58 0.0652412
1time 0.0004258 1189.57 0.0652394
1time 0.000426 1189.57 0.0652375
1time 0.0004262 1189.56 0.0652357
1time 0.0004264 1189.56 0.0652339
1time 0.0004266 1189.56 0.065232
1time 0.0004268 1189.55 0.0652302
1time 0.000427 1189.55 0.0652284
1time 0.0004272 1189.54 0.0652266
1time 0.0004274 1189.54 0.0652247
1time 0.0004276 1189.53 0.0652229
1time 0.0004278 1189.53 0.0652211
1time 0.000428 1189.52 0.0652193
1time 0.0004282 1189.52 0.0652175
1time 0.0004284 1189.52 0.0652157
1time 0.0004286 1189.51 0.0652139
1time 0.0004288 1189.51 0.0652121
1time 0.000429 1189.5 0.0652103
1time 0.0004292 1189.5 0.0652085
1time 0.0004294 1189.49 0.0652067
1time 0.0004296 1189.49 0.0652049
1time 0.0004298 1189.48 0.0652031
1time 0.00043 1189.48 0.0652013
1time 0.0004302 1189.48 0.0651995
1time 0.0004304 1189.47 0.0651978
1time 0.0004306 1189.47 0.065196
1time 0.0004308 1189.46 0.0651942
1time 0.000431 1189.46 0.0651924
1time 0.0004312 1189.45 0.0651907
1time 0.0004314 1189.45 0.0651889
1time 0.0004316 1189.44 0.0651872
1time 0.0004318 1189.44 0.0651854
1time 0.000432 1189.44 0.0651836
1time 0.0004322 1189.43 0.0651819
1time 0.0004324 1189.43 0.0651801
1time 0.0004326 1189.42 0.0651784
1time 0.0004328 1189.42 0.0651767
1time 0.000433 1189.41 0.0651749
1time 0.0004332 1189.41 0.0651732
1time 0.0004334 1189.41 0.0651714
1time 0.0004336 1189.4 0.0651697
1time 0.0004338 1189.4 0.065168
1time 0.000434 1189.39 0.0651663
1time 0.0004342 1189.39 0.0651645
1time 0.0004344 1189.38 0.0651628
1time 0.0004346 1189.38 0.0651611
1time 0.0004348 1189.37 0.0651594
1time 0.000435 1189.37 0.0651577
1time 0.0004352 1189.37 0.065156
1time 0.0004354 1189.36 0.0651543
1time 0.0004356 1189.36 0.0651526
1time 0.0004358 1189.35 0.0651509
1time 0.000436 1189.35 0.0651492
1time 0.0004362 1189.34 0.0651475
1time 0.0004364 1189.34 0.0651458
1time 0.0004366 1189.33 0.0651441
1time 0.0004368 1189.33 0.0651424
1time 0.000437 1189.33 0.0651408
1time 0.0004372 1189.32 0.0651391
1time 0.0004374 1189.32 0.0651374
1time 0.0004376 1189.31 0.0651357
1time 0.0004378 1189.31 0.0651341
1time 0.000438 1189.3 0.0651324
1time 0.0004382 1189.3 0.0651307
1time 0.0004384 1189.29 0.0651291
1time 0.0004386 1189.29 0.0651274
1time 0.0004388 1189.29 0.0651258
1time 0.000439 1189.28 0.0651241
1time 0.0004392 1189.28 0.0651225
1time 0.0004394 1189.27 0.0651208
1time 0.0004396 1189.27 0.0651192
1time 0.0004398 1189.26 0.0651176
1time 0.00044 1189.26 0.0651159
1time 0.0004402 1189.25 0.0651143
1time 0.0004404 1189.25 0.0651127
1time 0.0004406 1189.25 0.065111
1time 0.0004408 1189.24 0.0651094
1time 0.000441 1189.24 0.0651078
1time 0.0004412 1189.23 0.0651062
1time 0.0004414 1189.23 0.0651045
1time 0.0004416 1189.22 0.0651029
1time 0.0004418 1189.22 0.0651013
1time 0.000442 1189.21 0.0650997
1time 0.0004422 1189.21 0.0650981
1time 0.0004424 1189.21 0.0650965
1time 0.0004426 1189.2 0.0650949
1time 0.0004428 1189.2 0.0650933
1time 0.000443 1189.19 0.0650917
1time 0.0004432 1189.19 0.0650901
1time 0.0004434 1189.18 0.0650885
1time 0.0004436 1189.18 0.065087
1time 0.0004438 1189.17 0.0650854
1time 0.000444 1189.17 0.0650838
1time 0.0004442 1189.17 0.0650822
1time 0.0004444 1189.16 0.0650807
1time 0.0004446 1189.16 0.0650791
1time 0.0004448 1189.15 0.0650775
1time 0.000445 1189.15 0.065076
1time 0.0004452 1189.14 0.0650744
1time 0.0004454 1189.14 0.0650728
1time 0.0004456 1189.14 0.0650713
1time 0.0004458 1189.13 0.0650697
1time 0.000446 1189.13 0.0650682
1time 0.0004462 1189.12 0.0650666
1time 0.0004464 1189.12 0.0650651
1time 0.0004466 1189.11 0.0650635
1time 0.0004468 1189.11 0.065062
1time 0.000447 1189.1 0.0650605
1time 0.0004472 1189.1 0.0650589
1time 0.0004474 1189.1 0.0650574
1time 0.0004476 1189.09 0.0650559
1time 0.0004478 1189.09 0.0650544
1time 0.000448 1189.08 0.0650528
1time 0.0004482 1189.08 0.0650513
1time 0.0004484 1189.07 0.0650498
1time 0.0004486 1189.07 0.0650483
1time 0.0004488 1189.06 0.0650468
1time 0.000449 1189.06 0.0650453
1time 0.0004492 1189.06 0.0650438
1time 0.0004494 1189.05 0.0650423
1time 0.0004496 1189.05 0.0650408
1time 0.0004498 1189.04 0.0650393
1time 0.00045 1189.04 0.0650378
1time 0.0004502 1189.03 0.0650363
1time 0.0004504 1189.03 0.0650348
1time 0.0004506 1189.02 0.0650333
1time 0.0004508 1189.02 0.0650319
1time 0.000451 1189.02 0.0650304
1time 0.0004512 1189.01 0.0650289
1time 0.0004514 1189.01 0.0650274
1time 0.0004516 1189 0.065026
1time 0.0004518 1189 0.0650245
1time 0.000452 1188.99 0.065023
1time 0.0004522 1188.99 0.0650216
1time 0.0004524 1188.98 0.0650201
1time 0.0004526 1188.98 0.0650187
1time 0.0004528 1188.98 0.0650172
1time 0.000453 1188.97 0.0650158
1time 0.0004532 1188.97 0.0650143
1time 0.0004534 1188.96 0.0650129
1time 0.0004536 1188.96 0.0650114
1time 0.0004538 1188.95 0.06501
1time 0.000454 1188.95 0.0650085
1time 0.0004542 1188.94 0.0650071
1time 0.0004544 1188.94 0.0650057
1time 0.0004546 1188.94 0.0650043
1time 0.0004548 1188.93 0.0650028
1time 0.000455 1188.93 0.0650014
1time 0.0004552 1188.92 0.065
1time 0.0004554 1188.92 0.0649986
1time 0.0004556 1188.91 0.0649972
1time 0.0004558 1188.91 0.0649957
1time 0.000456 1188.9 0.0649943
1time 0.0004562 1188.9 0.0649929
1time 0.0004564 1188.9 0.0649915
1time 0.0004566 1188.89 0.0649901
1time 0.0004568 1188.89 0.0649887
1time 0.000457 1188.88 0.0649873
1time 0.0004572 1188.88 0.064986
1time 0.0004574 1188.87 0.0649846
1time 0.0004576 1188.87 0.0649832
1time 0.0004578 1188.86 0.0649818
1time 0.000458 1188.86 0.0649804
1time 0.0004582 1188.86 0.064979
1time 0.0004584 1188.85 0.0649777
1time 0.0004586 1188.85 0.0649763
1time 0.0004588 1188.84 0.0649749
1time 0.000459 1188.84 0.0649736
1time 0.0004592 1188.83 0.0649722
1time 0.0004594 1188.83 0.0649708
1time 0.0004596 1188.83 0.0649695
1time 0.0004598 1188.82 0.0649681
1time 0.00046 1188.82 0.0649668
1time 0.0004602 1188.81 0.0649654
1time 0.0004604 1188.81 0.0649641
1time 0.0004606 1188.8 0.0649627
1time 0.0004608 1188.8 0.0649614
1time 0.000461 1188.79 0.0649601
1time 0.0004612 1188.79 0.0649587
1time 0.0004614 1188.79 0.0649574
1time 0.0004616 1188.78 0.0649561
1time 0.0004618 1188.78 0.0649547
1time 0.000462 1188.77 0.0649534
1time 0.0004622 1188.77 0.0649521
1time 0.0004624 1188.76 0.0649508
1time 0.0004626 1188.76 0.0649494
1time 0.0004628 1188.75 0.0649481
1time 0.000463 1188.75 0.0649468
1time 0.0004632 1188.75 0.0649455
1time 0.0004634 1188.74 0.0649442
1time 0.0004636 1188.74 0.0649429
1time 0.0004638 1188.73 0.0649416
1time 0.000464 1188.73 0.0649403
1time 0.0004642 1188.72 0.064939
1time 0.0004644 1188.72 0.0649377
1time 0.0004646 1188.71 0.0649364
1time 0.0004648 1188.71 0.0649352
1time 0.000465 1188.71 0.0649339
1time 0.0004652 1188.7 0.0649326
1time 0.0004654 1188.7 0.0649313
1time 0.0004656 1188.69 0.06493
1time 0.0004658 1188.69 0.0649288
1time 0.000466 1188.68 0.0649275
1time 0.0004662 1188.68 0.0649262
1time 0.0004664 1188.67 0.064925
1time 0.0004666 1188.67 0.0649237
1time 0.0004668 1188.67 0.0649224
1time 0.000467 1188.66 0.0649212
1time 0.0004672 1188.66 0.0649199
1time 0.0004674 1188.65 0.0649187
1time 0.0004676 1188.65 0.0649174
1time 0.0004678 1188.64 0.0649162
1time 0.000468 1188.64 0.0649149
1time 0.0004682 1188.63 0.0649137
1time 0.0004684 1188.63 0.0649125
1time 0.0004686 1188.63 0.0649112
1time 0.0004688 1188.62 0.06491
1time 0.000469 1188.62 0.0649088
1time 0.0004692 1188.61 0.0649076
1time 0.0004694 1188.61 0.0649063
1time 0.0004696 1188.6 0.0649051
1time 0.0004698 1188.6 0.0649039
1time 0.00047 1188.59 0.0649027
1time 0.0004702 1188.59 0.0649015
1time 0.0004704 1188.59 0.0649003
1time 0.0004706 1188.58 0.0648991
1time 0.0004708 1188.58 0.0648978
1time 0.000471 1188.57 0.0648966
1time 0.0004712 1188.57 0.0648954
1time 0.0004714 1188.56 0.0648943
1time 0.0004716 1188.56 0.0648931
1time 0.0004718 1188.56 0.0648919
1time 0.000472 1188.55 0.0648907
1time 0.0004722 1188.55 0.0648895
1time 0.0004724 1188.54 0.0648883
1time 0.0004726 1188.54 0.0648871
1time 0.0004728 1188.53 0.064886
1time 0.000473 1188.53 0.0648848
1time 0.0004732 1188.52 0.0648836
1time 0.0004734 1188.52 0.0648824
1time 0.0004736 1188.52 0.0648813
1time 0.0004738 1188.51 0.0648801
1time 0.000474 1188.51 0.0648789
1time 0.0004742 1188.5 0.0648778
1time 0.0004744 1188.5 0.0648766
1time 0.0004746 1188.49 0.0648755
1time 0.0004748 1188.49 0.0648743
1time 0.000475 1188.48 0.0648732
1time 0.0004752 1188.48 0.064872
1time 0.0004754 1188.48 0.0648709
1time 0.0004756 1188.47 0.0648698
1time 0.0004758 1188.47 0.0648686
1time 0.000476 1188.46 0.0648675
1time 0.0004762 1188.46 0.0648664
1time 0.0004764 1188.45 0.0648652
1time 0.0004766 1188.45 0.0648641
1time 0.0004768 1188.44 0.064863
1time 0.000477 1188.44 0.0648619
1time 0.0004772 1188.44 0.0648607
1time 0.0004774 1188.43 0.0648596
1time 0.0004776 1188.43 0.0648585
1time 0.0004778 1188.42 0.0648574
1time 0.000478 1188.42 0.0648563
1time 0.0004782 1188.41 0.0648552
1time 0.0004784 1188.41 0.0648541
1time 0.0004786 1188.4 0.064853
1time 0.0004788 1188.4 0.0648519
1time 0.000479 1188.4 0.0648508
1time 0.0004792 1188.39 0.0648497
1time 0.0004794 1188.39 0.0648486
1time 0.0004796 1188.38 0.0648475
1time 0.0004798 1188.38 0.0648464
1time 0.00048 1188.37 0.0648454
1time 0.0004802 1188.37 0.0648443
1time 0.0004804 1188.36 0.0648432
1time 0.0004806 1188.36 0.0648421
1time 0.0004808 1188.36 0.0648411
1time 0.000481 1188.35 0.06484
1time 0.0004812 1188.35 0.0648389
1time 0.0004814 1188.34 0.0648379
1time 0.0004816 1188.34 0.0648368
1time 0.0004818 1188.33 0.0648357
1time 0.000482 1188.33 0.0648347
1time 0.0004822 1188.32 0.0648336
1time 0.0004824 1188.32 0.0648326
1time 0.0004826 1188.32 0.0648315
1time 0.0004828 1188.31 0.0648305
1time 0.000483 1188.31 0.0648295
1time 0.0004832 1188.3 0.0648284
1time 0.0004834 1188.3 0.0648274
1time 0.0004836 1188.29 0.0648263
1time 0.0004838 1188.29 0.0648253
1time 0.000484 1188.28 0.0648243
1time 0.0004842 1188.28 0.0648233
1time 0.0004844 1188.28 0.0648222
1time 0.0004846 1188.27 0.0648212
1time 0.0004848 1188.27 0.0648202
1time 0.000485 1188.26 0.0648192
1time 0.0004852 1188.26 0.0648182
1time 0.0004854 1188.25 0.0648172
1time 0.0004856 1188.25 0.0648162
1time 0.0004858 1188.25 0.0648151
1time 0.000486 1188.24 0.0648141
1time 0.0004862 1188.24 0.0648131
1time 0.0004864 1188.23 0.0648122
1time 0.0004866 1188.23 0.0648112
1time 0.0004868 1188.22 0.0648102
1time 0.000487 1188.22 0.0648092
1time 0.0004872 1188.21 0.0648082
1time 0.0004874 1188.21 0.0648072
1time 0.0004876 1188.21 0.0648062
1time 0.0004878 1188.2 0.0648052
1time 0.000488 1188.2 0.0648043
1time 0.0004882 1188.19 0.0648033
1time 0.0004884 1188.19 0.0648023
1time 0.0004886 1188.18 0.0648014
1time 0.0004888 1188.18 0.0648004
1time 0.000489 1188.17 0.0647994
1time 0.0004892 1188.17 0.0647985
1time 0.0004894 1188.17 0.0647975
1time 0.0004896 1188.16 0.0647965
1time 0.0004898 1188.16 0.0647956
1time 0.00049 1188.15 0.0647946
1time 0.0004902 1188.15 0.0647937
1time 0.0004904 1188.14 0.0647928
1time 0.0004906 1188.14 0.0647918
1time 0.0004908 1188.13 0.0647909
1time 0.000491 1188.13 0.0647899
1time 0.0004912 1188.13 0.064789
1time 0.0004914 1188.12 0.0647881
1time 0.0004916 1188.12 0.0647871
1time 0.0004918