T	P	log10(P)	fl	fs	phase_name	Q	H_Latent	H_tot	f_tot(@Liquid)	x(Al)	x(Mo)	x(Ni)	f(@Liquid)	G	w(Al)	w(Mo)	w(Ni)	Label	Cp	H_Latent_1	
K	bar	SI	mole/mole	mole/mole		J/mole	J/mole	J/mole		mole/mole	mole/mole	mole/mole	mole/mole	J/mole	kg/kg	kg/kg	kg/kg		J/(mole K)		
1669.23	1	5	1	0	Liquid+Fcc	0	0	35582.28068	1	0.17	0.03	0.8	1	-121715.3211	0.0842885	0.0528891	0.862822	Fcc	39.75525666	0	
1669.223986	1	5	0.99958568	0.0004143200457	Liquid+Fcc	-7.48727000000508	-7.089732688	35574.79341	0.99958568	0.17	0.03	0.8	0.99958568	-121714.3786	0.08428847432	0.05288909094	0.8628224347	Fcc	39.75391172	-7.089732688	
1669.203986	1	5	0.9987571598	0.001242840218	Liquid+Fcc	-22.4593700000041	-21.26680617	35559.82131	0.9987571598	0.17	0.03	0.8	0.9991711364	-121713.3426	0.08428847432	0.05288909094	0.8628224347	Fcc	39.75221705	-21.26680617	
1669.163986	1	5	0.9971037101	0.002896289853	Liquid+Fcc	-52.3408900000068	-49.55850372	35529.93979	0.9971037101	0.17	0.03	0.8	0.9983444928	-121711.283	0.08428847432	0.05288909094	0.8628224347	Fcc	39.74888829	-49.55850372	
1669.083986	1	5	0.9938080077	0.006191992318	Liquid+Fcc	-111.904410000003	-105.9432406	35470.37627	0.9938080077	0.17	0.03	0.8	0.9966947245	-121707.1605	0.08428847432	0.05288909094	0.8628224347	Fcc	39.74225295	-105.9432406	
1668.923986	1	5	0.9872630542	0.01273694581	Liquid+Fcc	-230.192630000005	-217.8773559	35352.08805	0.9872630542	0.17	0.03	0.8	0.9934142677	-121698.9771	0.08428847432	0.05288909094	0.8628224347	Fcc	39.72899758	-217.8773559	
1668.603986	1	5	0.9743479685	0.02565203153	Liquid+Fcc	-463.637330000005	-438.6275462	35118.64335	0.9743479685	0.17	0.03	0.8	0.9869182933	-121682.4979	0.08428847432	0.05288909094	0.8628224347	Fcc	39.7027245	-438.6275462	
1667.963986	1	5	0.9492020191	0.05079798092	Liquid+Fcc	-918.281360000001	-867.935824	34663.99932	0.9492020191	0.17	0.03	0.8	0.9741920236	-121649.3848	0.08428847432	0.05288909094	0.8628224347	Fcc	39.65110156	-867.935824	
1666.683986	1	5	0.9015122184	0.09848778155	Liquid+Fcc	-1781.07258	-1680.257542	33801.2081	0.9015122184	0.17	0.03	0.8	0.9497580076	-121582.5388	0.08428847432	0.05288909094	0.8628224347	Fcc	39.55158236	-1680.257542	
1664.123986	1	5	0.8155574034	0.1844425966	Liquid+Fcc	-3338.75945000001	-3137.734131	32243.52123	0.8155574034	0.17	0.03	0.8	0.904654853	-121446.3827	0.08428847432	0.05288909094	0.8628224347	Fcc	39.36590034	-3137.734131	
1661.563986	1	5	0.7419653663	0.2580346337	Liquid+Fcc	-4680.09872	-4379.490593	30902.18196	0.7419653663	0.17	0.03	0.8	0.9097647366	-121401.7513	0.08428847432	0.05288909094	0.8628224347	Fcc	39.30864215	-4379.490593	
1659.003986	1	5	0.678463015	0.321536985	Liquid+Fcc	-5845.50649	-5445.860814	29736.77419	0.678463015	0.17	0.03	0.8	0.9144133213	-121345.021	0.08428847432	0.05288909094	0.8628224347	Fcc	39.25092613	-5445.860814	
1656.443986	1	5	0.6232749083	0.3767250917	Liquid+Fcc	-6866.47248	-6368.267099	28715.8082	0.6232749083	0.17	0.03	0.8	0.9186571627	-121277.0631	0.08428847432	0.05288909094	0.8628224347	Fcc	39.19288927	-6368.267099	
1653.883986	1	5	0.5749986276	0.4250013724	Liquid+Fcc	-7767.79122	-7171.448211	27814.48946	0.5749986276	0.17	0.03	0.8	0.9225441614	-121198.6571	0.08428847432	0.05288909094	0.8628224347	Fcc	39.13464947	-7171.448211	
1651.323986	1	5	0.5325149333	0.4674850667	Liquid+Fcc	-8569.1894	-7875.08444	27013.09128	0.5325149333	0.17	0.03	0.8	0.9261151379	-121110.5026	0.08428847432	0.05288909094	0.8628224347	Fcc	39.07625336	-7875.08444	
1648.763986	1	5	0.4949220822	0.5050779178	Liquid+Fcc	-9286.51187	-8494.981494	26295.76881	0.4949220822	0.17	0.03	0.8	0.9294050763	-121013.2302	0.08428847432	0.05288909094	0.8628224347	Fcc	39.01784974	-8494.981494	
1646.203986	1	5	0.4614871839	0.5385128161	Liquid+Fcc	-9932.5978	-9043.94556	25649.68288	0.4614871839	0.17	0.03	0.8	0.9324441169	-120907.4097	0.08428847432	0.05288909094	0.8628224347	Fcc	38.95942987	-9043.94556	
1643.643986	1	5	0.4316097446	0.5683902554	Liquid+Fcc	-10517.93576	-9532.437039	25064.34492	0.4316097446	0.17	0.03	0.8	0.9352583552	-120793.5582	0.08428847432	0.05288909094	0.8628224347	Fcc	38.90109412	-9532.437039	
1641.083986	1	5	0.404794042	0.595205958	Liquid+Fcc	-11051.15908	-9969.065142	24531.1216	0.404794042	0.17	0.03	0.8	0.9378704884	-120672.1458	0.08428847432	0.05288909094	0.8628224347	Fcc	38.84286377	-9969.065142	
1638.523986	1	5	0.3806279768	0.6193720232	Liquid+Fcc	-11539.424	-10360.96535	24042.85668	0.3806279768	0.17	0.03	0.8	0.9403003437	-120543.6012	0.08428847432	0.05288909094	0.8628224347	Fcc	38.78478054	-10360.96535	
1635.963986	1	5	0.3587667274	0.6412332726	Liquid+Fcc	-11988.70147	-10714.09065	23593.57921	0.3587667274	0.17	0.03	0.8	0.9425653111	-120408.3164	0.08428847432	0.05288909094	0.8628224347	Fcc	38.7268611	-10714.09065	
1633.403986	1	5	0.3389200038	0.6610799962	Liquid+Fcc	-12404.00407	-11033.43796	23178.27661	0.3389200038	0.17	0.03	0.8	0.9446807019	-120266.6508	0.08428847432	0.05288909094	0.8628224347	Fcc	38.6691454	-11033.43796	
1630.843986	1	5	0.3208420261	0.6791579739	Liquid+Fcc	-12789.56411	-11323.22582	22792.71657	0.3208420261	0.17	0.03	0.8	0.9466600453	-120118.9342	0.08428847432	0.05288909094	0.8628224347	Fcc	38.61167654	-11323.22582	
1628.283986	1	5	0.3043235825	0.6956764175	Liquid+Fcc	-13148.97436	-11587.03514	22433.30632	0.3043235825	0.17	0.03	0.8	0.9485153369	-119965.4706	0.08428847432	0.05288909094	0.8628224347	Fcc	38.55438458	-11587.03514	
1625.723986	1	5	0.2891856897	0.7108143103	Liquid+Fcc	-13485.30023	-11827.92069	22096.98045	0.2891856897	0.17	0.03	0.8	0.9502572468	-119806.5402	0.08428847432	0.05288909094	0.8628224347	Fcc	38.4973531	-11827.92069	
1623.163986	1	5	0.2752744974	0.7247255026	Liquid+Fcc	-13801.1697	-12048.50101	21781.11098	0.2752744974	0.17	0.03	0.8	0.9518952953	-119642.4019	0.08428847432	0.05288909094	0.8628224347	Fcc	38.44060324	-12048.50101	
1620.603986	1	5	0.2624571665	0.7375428335	Liquid+Fcc	-14098.84595	-12251.03107	21483.43473	0.2624571665	0.17	0.03	0.8	0.9534380009	-119473.2955	0.08428847432	0.05288909094	0.8628224347	Fcc	38.38407909	-12251.03107	
1618.043986	1	5	0.2506185131	0.7493814869	Liquid+Fcc	-14380.28628	-12437.46065	21201.9944	0.2506185131	0.17	0.03	0.8	0.9548930076	-119299.4434	0.08428847432	0.05288909094	0.8628224347	Fcc	38.32787281	-12437.46065	
1615.483986	1	5	0.2396582619	0.7603417381	Liquid+Fcc	-14647.19033	-12609.48281	20935.09035	0.2396582619	0.17	0.03	0.8	0.9562671922	-119121.0523	0.08428847432	0.05288909094	0.8628224347	Fcc	38.27191884	-12609.48281	
1612.923986	1	5	0.2294887846	0.7705112154	Liquid+Fcc	-14901.03968	-12768.57324	20681.241	0.2294887846	0.17	0.03	0.8	0.957566757	-118938.3144	0.08428847432	0.05288909094	0.8628224347	Fcc	38.21622462	-12768.57324	
1610.363986	1	5	0.2200332292	0.7799667708	Liquid+Fcc	-15143.13047	-12916.02258	20439.15021	0.2200332292	0.17	0.03	0.8	0.9587973093	-118751.4089	0.08428847432	0.05288909094	0.8628224347	Fcc	38.16086189	-12916.02258	
1607.803986	1	5	0.2112239635	0.7887760365	Liquid+Fcc	-15374.60057	-13052.96401	20207.68011	0.2112239635	0.17	0.03	0.8	0.9599639304	-118560.503	0.08428847432	0.05288909094	0.8628224347	Fcc	38.10575455	-13052.96401	
1605.243986	1	5	0.2030012754	0.7969987246	Liquid+Fcc	-15596.45221	-13180.39532	19985.82847	0.2030012754	0.17	0.03	0.8	0.9610712346	-118365.7531	0.08428847432	0.05288909094	0.8628224347	Fcc	38.05095152	-13180.39532	
1602.683986	1	5	0.1953122816	0.8046877184	Liquid+Fcc	-15809.57085	-13299.19805	19772.70983	0.1953122816	0.17	0.03	0.8	0.9621234211	-118167.3054	0.08428847432	0.05288909094	0.8628224347	Fcc	37.9964256	-13299.19805	
1600.123986	1	5	0.1881100082	0.8118899918	Liquid+Fcc	-16014.74121	-13410.15334	19567.53947	0.1881100082	0.17	0.03	0.8	0.9631243193	-117965.2972	0.08428847432	0.05288909094	0.8628224347	Fcc	37.94218166	-13410.15334	
1597.563986	1	5	0.1813526129	0.8186473871	Liquid+Fcc	-16212.66063	-13513.95529	19369.62005	0.1813526129	0.17	0.03	0.8	0.9640774277	-117759.8572	0.08428847432	0.05288909094	0.8628224347	Fcc	37.88821257	-13513.95529	
1595.003986	1	5	0.1750027232	0.8249972768	Liquid+Fcc	-16403.95056	-13611.22235	19178.33012	0.1750027232	0.17	0.03	0.8	0.9649859489	-117551.1062	0.08428847432	0.05288909094	0.8628224347	Fcc	37.83454294	-13611.22235	
1592.443986	1	5	0.1690268736	0.8309731264	Liquid+Fcc	-16589.16622	-13702.50691	18993.11446	0.1690268736	0.17	0.03	0.8	0.9658528194	-117339.1581	0.08428847432	0.05288909094	0.8628224347	Fcc	37.78117729	-13702.50691	
1589.883986	1	5	0.163395023	0.836604977	Liquid+Fcc	-16768.80492	-13788.30384	18813.47576	0.163395023	0.17	0.03	0.8	0.9666807388	-117124.1201	0.08428847432	0.05288909094	0.8628224347	Fcc	37.72809143	-13788.30384	
1587.323986	1	5	0.1580801399	0.8419198601	Liquid+Fcc	-16943.31317	-13869.05741	18638.96751	0.1580801399	0.17	0.03	0.8	0.9674721845	-116906.0934	0.08428847432	0.05288909094	0.8628224347	Fcc	37.67524568	-13869.05741	
1584.763986	1	5	0.1530578463	0.8469421537	Liquid+Fcc	-17113.09273	-13945.1672	18469.18795	0.1530578463	0.17	0.03	0.8	0.968229446	-116685.1735	0.08428847432	0.05288909094	0.8628224347	Fcc	37.62271399	-13945.1672	
1582.203986	1	5	0.1483061095	0.8516938905	Liquid+Fcc	-17278.506	-14016.99375	18303.77468	0.1483061095	0.17	0.03	0.8	0.9689546346	-116461.4508	0.08428847432	0.05288909094	0.8628224347	Fcc	37.57042347	-14016.99375	
1579.643986	1	5	0.1438049748	0.8561950252	Liquid+Fcc	-17439.88047	-14084.86259	18142.40021	0.1438049748	0.17	0.03	0.8	0.9696497012	-116235.0107	0.08428847432	0.05288909094	0.8628224347	Fcc	37.51846957	-14084.86259	
1577.083986	1	5	0.139536333	0.860463667	Liquid+Fcc	-17597.51272	-14149.06875	17984.76796	0.139536333	0.17	0.03	0.8	0.9703164524	-116005.9344	0.08428847432	0.05288909094	0.8628224347	Fcc	37.46675441	-14149.06875	
1574.523986	1	5	0.1354837182	0.8645162818	Liquid+Fcc	-17751.67187	-14209.87981	17830.60881	0.1354837182	0.17	0.03	0.8	0.9709565623	-115774.2989	0.08428847432	0.05288909094	0.8628224347	Fcc	37.41530116	-14209.87981	
1571.963986	1	5	0.1316321308	0.8683678692	Liquid+Fcc	-17902.60258	-14267.53905	17679.6781	0.1316321308	0.17	0.03	0.8	0.9715715849	-115540.1774	0.08428847432	0.05288909094	0.8628224347	Fcc	37.36409564	-14267.53905	
1569.403986	1	5	0.1279678825	0.8720321175	Liquid+Fcc	-18050.52767	-14322.26782	17531.75301	0.1279678825	0.17	0.03	0.8	0.9721629646	-115303.6394	0.08428847432	0.05288909094	0.8628224347	Fcc	37.31319775	-14322.26782	
1566.843986	1	5	0.1244784601	0.8755215399	Liquid+Fcc	-18195.65042	-14374.26823	17386.63026	0.1244784601	0.17	0.03	0.8	0.9727320452	-115064.7514	0.08428847432	0.05288909094	0.8628224347	Fcc	37.26254306	-14374.26823	
1564.283986	1	5	0.1211524054	0.8788475946	Liquid+Fcc	-18338.1566	-14423.72491	17244.12408	0.1211524054	0.17	0.03	0.8	0.9732800786	-114823.5768	0.08428847432	0.05288909094	0.8628224347	Fcc	37.21215564	-14423.72491	
1561.723986	1	5	0.1179792098	0.8820207902	Liquid+Fcc	-18478.21628	-14470.80686	17104.0644	0.1179792098	0.17	0.03	0.8	0.9738082326	-114580.1759	0.08428847432	0.05288909094	0.8628224347	Fcc	37.16201991	-14470.80686	
1559.163986	1	5	0.1149492202	0.8850507798	Liquid+Fcc	-18615.98535	-14515.66898	16966.29533	0.1149492202	0.17	0.03	0.8	0.9743175975	-114334.6069	0.08428847432	0.05288909094	0.8628224347	Fcc	37.11213296	-14515.66898	
1556.603986	1	5	0.1120535565	0.8879464435	Liquid+Fcc	-18751.60699	-14558.45357	16830.67369	0.1120535565	0.17	0.03	0.8	0.9748091921	-114086.9251	0.08428847432	0.05288909094	0.8628224347	Fcc	37.06248581	-14558.45357	
1554.043986	1	5	0.1092840374	0.8907159626	Liquid+Fcc	-18885.21281	-14599.29124	16697.06787	0.1092840374	0.17	0.03	0.8	0.97528397	-113837.184	0.08428847432	0.05288909094	0.8628224347	Fcc	37.01312996	-14599.29124	
1551.483986	1	5	0.1066331153	0.8933668847	Liquid+Fcc	-19016.92404	-14638.30245	16565.35664	0.1066331153	0.17	0.03	0.8	0.9757428241	-113585.4346	0.08428847432	0.05288909094	0.8628224347	Fcc	36.96399145	-14638.30245	
1548.923986	1	5	0.1040938174	0.8959061826	Liquid+Fcc	-19146.85247	-14675.59825	16435.42821	0.1040938174	0.17	0.03	0.8	0.9761865914	-113331.7264	0.08428847432	0.05288909094	0.8628224347	Fcc	36.91509317	-14675.59825	
1546.363986	1	5	0.1016596935	0.8983403065	Liquid+Fcc	-19275.10129	-14711.28107	16307.17939	0.1016596935	0.17	0.03	0.8	0.9766160569	-113076.1069	0.08428847432	0.05288909094	0.8628224347	Fcc	36.86644927	-14711.28107	
1543.803986	1	5	0.09932476939	0.9006752306	Liquid+Fcc	-19401.76596	-14745.44566	16180.51472	0.09932476939	0.17	0.03	0.8	0.9770319581	-112818.622	0.08428847432	0.05288909094	0.8628224347	Fcc	36.81805135	-14745.44566	
1541.243986	1	5	0.09708350474	0.9029164953	Liquid+Fcc	-19526.93479	-14778.1798	16055.34589	0.09708350474	0.17	0.03	0.8	0.9774349877	-112559.3162	0.08428847432	0.05288909094	0.8628224347	Fcc	36.76986689	-14778.1798	
1538.683986	1	5	0.09493075541	0.9050692446	Liquid+Fcc	-19650.68967	-14809.56465	15931.59101	0.09493075541	0.17	0.03	0.8	0.9778257971	-112298.2326	0.08428847432	0.05288909094	0.8628224347	Fcc	36.7219525	-14809.56465	
1536.123986	1	5	0.09286173953	0.9071382605	Liquid+Fcc	-19773.1066	-14839.67572	15809.17408	0.09286173953	0.17	0.03	0.8	0.9782049994	-112035.4128	0.08428847432	0.05288909094	0.8628224347	Fcc	36.67424876	-14839.67572	
1533.563986	1	5	0.09087200698	0.909127993	Liquid+Fcc	-19894.25612	-14868.58302	15688.02456	0.09087200698	0.17	0.03	0.8	0.9785731716	-111770.8977	0.08428847432	0.05288909094	0.8628224347	Fcc	36.62676631	-14868.58302	
1531.003986	1	5	0.08895741171	0.9110425883	Liquid+Fcc	-20014.20392	-14896.35169	15568.07676	0.08895741171	0.17	0.03	0.8	0.9789308575	-111504.7267	0.08428847432	0.05288909094	0.8628224347	Fcc	36.57953268	-14896.35169	
1528.443986	1	5	0.08711408689	0.9128859131	Liquid+Fcc	-20133.0111	-14923.04244	15449.26958	0.08711408689	0.17	0.03	0.8	0.9792785696	-111236.9385	0.08428847432	0.05288909094	0.8628224347	Fcc	36.5325003	-14923.04244	
1525.883986	1	5	0.08533842226	0.9146615777	Liquid+Fcc	-20250.73465	-14948.71166	15331.54603	0.08533842226	0.17	0.03	0.8	0.9796167911	-110967.5708	0.08428847432	0.05288909094	0.8628224347	Fcc	36.48575097	-14948.71166	
1523.323986	1	5	0.08362704364	0.9163729564	Liquid+Fcc	-20367.42773	-14973.41222	15214.85295	0.08362704364	0.17	0.03	0.8	0.9799459778	-110696.6606	0.08428847432	0.05288909094	0.8628224347	Fcc	36.43915377	-14973.41222	
1520.763986	1	5	0.08197679439	0.9180232056	Liquid+Fcc	-20483.13998	-14997.19321	15099.1407	0.08197679439	0.17	0.03	0.8	0.9802665599	-110424.244	0.08428847432	0.05288909094	0.8628224347	Fcc	36.39284299	-14997.19321	
1518.203986	1	5	0.08038471844	0.9196152816	Liquid+Fcc	-20597.91783	-15020.10083	14984.36285	0.08038471844	0.17	0.03	0.8	0.9805789435	-110150.3566	0.08428847432	0.05288909094	0.8628224347	Fcc	36.34670604	-15020.10083	
1515.643986	1	5	0.07884803947	0.9211519605	Liquid+Fcc	-20711.8048	-15042.17813	14870.47588	0.07884803947	0.17	0.03	0.8	0.9808834441	-109875.0333	0.08428847432	0.05288909094	0.8628224347	Fcc	36.30079934	-15042.17813	
1513.083986	1	5	0.07736416895	0.9226358311	Liquid+Fcc	-20824.84141	-15063.46531	14757.43927	0.07736416895	0.17	0.03	0.8	0.9811806288	-109598.3084	0.08428847432	0.05288909094	0.8628224347	Fcc	36.25512941	-15063.46531	
1510.523986	1	5	0.07593065981	0.9240693402	Liquid+Fcc	-20937.06591	-15084.0003	14645.21477	0.07593065981	0.17	0.03	0.8	0.9814706322	-109320.2163	0.08428847432	0.05288909094	0.8628224347	Fcc	36.20965736	-15084.0003	
1507.963986	1	5	0.07454521739	0.9254547826	Liquid+Fcc	-21048.51408	-15103.81852	14533.7666	0.07454521739	0.17	0.03	0.8	0.9817538473	-109040.7901	0.08428847432	0.05288909094	0.8628224347	Fcc	36.16442254	-15103.81852	
1505.403986	1	5	0.07320568295	0.9267943171	Liquid+Fcc	-21159.21957	-15122.95337	14423.06111	0.07320568295	0.17	0.03	0.8	0.9820305784	-108760.0632	0.08428847432	0.05288909094	0.8628224347	Fcc	36.11938099	-15122.95337	
1502.843986	1	5	0.07191002386	0.9280899761	Liquid+Fcc	-21269.214	-15141.43615	14313.06668	0.07191002386	0.17	0.03	0.8	0.9823011133	-108478.0683	0.08428847432	0.05288909094	0.8628224347	Fcc	36.07456625	-15141.43615	
1500.283986	1	5	0.07065632464	0.9293436754	Liquid+Fcc	-21378.5271	-15159.29635	14203.75358	0.07065632464	0.17	0.03	0.8	0.9825657237	-108194.8379	0.08428847432	0.05288909094	0.8628224347	Fcc	36.02994358	-15159.29635	
1497.723986	1	5	0.06944277866	0.9305572213	Liquid+Fcc	-21487.1869	-15176.56171	14095.09378	0.06944277866	0.17	0.03	0.8	0.982824666	-107910.4043	0.08428847432	0.05288909094	0.8628224347	Fcc	35.98554478	-15176.56171	
1495.163986	1	5	0.0682676806	0.9317323194	Liquid+Fcc	-21595.21979	-15193.25841	13987.06089	0.0682676806	0.17	0.03	0.8	0.983078182	-107624.7996	0.08428847432	0.05288909094	0.8628224347	Fcc	35.94134662	-15193.25841	
1492.603986	1	5	0.06712941943	0.9328705806	Liquid+Fcc	-21702.65067	-15209.41107	13879.63001	0.06712941943	0.17	0.03	0.8	0.9833265	-107338.0555	0.08428847432	0.05288909094	0.8628224347	Fcc	35.8973555	-15209.41107	
1490.043986	1	5	0.06602647199	0.933973528	Liquid+Fcc	-21809.50307	-15225.04302	13772.77761	0.06602647199	0.17	0.03	0.8	0.983569835	-107050.2038	0.08428847432	0.05288909094	0.8628224347	Fcc	35.85357801	-15225.04302	
1487.483986	1	5	0.06495739707	0.9350426029	Liquid+Fcc	-21915.79919	-15240.17622	13666.48149	0.06495739707	0.17	0.03	0.8	0.9838083896	-106761.276	0.08428847432	0.05288909094	0.8628224347	Fcc	35.81001201	-15240.17622	
1484.923986	1	5	0.06392082997	0.93607917	Liquid+Fcc	-22021.56004	-15254.83149	13560.72064	0.06392082997	0.17	0.03	0.8	0.9840423547	-106471.3034	0.08428847432	0.05288909094	0.8628224347	Fcc	35.76663386	-15254.83149	
1482.363986	1	5	0.0629154774	0.9370845226	Liquid+Fcc	-22126.80548	-15269.02841	13455.4752	0.0629154774	0.17	0.03	0.8	0.9842719099	-106180.3173	0.08428847432	0.05288909094	0.8628224347	Fcc	35.72349928	-15269.02841	
1479.803986	1	5	0.06194011287	0.9380598871	Liquid+Fcc	-22231.55433	-15282.78575	13350.72635	0.06194011287	0.17	0.03	0.8	0.9844972243	-105888.3488	0.08428847432	0.05288909094	0.8628224347	Fcc	35.6805165	-15282.78575	
1477.243986	1	5	0.06099357234	0.9390064277	Liquid+Fcc	-22335.82444	-15296.1211	13246.45624	0.06099357234	0.17	0.03	0.8	0.9847184565	-105595.4289	0.08428847432	0.05288909094	0.8628224347	Fcc	35.63777112	-15296.1211	
1474.683986	1	5	0.06007475028	0.9399252497	Liquid+Fcc	-22439.63271	-15309.05118	13142.64797	0.06007475028	0.17	0.03	0.8	0.984935756	-105301.5886	0.08428847432	0.05288909094	0.8628224347	Fcc	35.59522787	-15309.05118	
1472.123986	1	5	0.05918259594	0.9408174041	Liquid+Fcc	-22542.9952	-15321.59192	13039.28548	0.05918259594	0.17	0.03	0.8	0.9851492625	-105006.8588	0.08428847432	0.05288909094	0.8628224347	Fcc	35.55285911	-15321.59192	
1469.563986	1	5	0.0583161099	0.9416838901	Liquid+Fcc	-22645.92714	-15333.75841	12936.35354	0.0583161099	0.17	0.03	0.8	0.9853591074	-104711.2701	0.08428847432	0.05288909094	0.8628224347	Fcc	35.51069676	-15333.75841	
1467.003986	1	5	0.05747434098	0.942525659	Liquid+Fcc	-22748.44305	-15345.56495	12833.83763	0.05747434098	0.17	0.03	0.8	0.9855654136	-104414.8532	0.08428847432	0.05288909094	0.8628224347	Fcc	35.46875867	-15345.56495	
1464.443986	1	5	0.05665638319	0.9433436168	Liquid+Fcc	-22850.55668	-15357.02516	12731.724	0.05665638319	0.17	0.03	0.8	0.9857682964	-104117.6387	0.08428847432	0.05288909094	0.8628224347	Fcc	35.42700335	-15357.02516	
1461.883986	1	5	0.05586137308	0.9441386269	Liquid+Fcc	-22952.28116	-15368.15206	12629.99952	0.05586137308	0.17	0.03	0.8	0.9859678634	-103819.6569	0.08428847432	0.05288909094	0.8628224347	Fcc	35.38544851	-15368.15206	
1459.323986	1	5	0.05508848715	0.9449115129	Liquid+Fcc	-23053.62898	-15378.95796	12528.6517	0.05508848715	0.17	0.03	0.8	0.9861642152	-103520.9382	0.08428847432	0.05288909094	0.8628224347	Fcc	35.34410234	-15378.95796	
1456.763986	1	5	0.05433693949	0.9456630605	Liquid+Fcc	-23154.61204	-15389.45467	12427.66864	0.05433693949	0.17	0.03	0.8	0.986357446	-103221.5127	0.08428847432	0.05288909094	0.8628224347	Fcc	35.30294099	-15389.45467	
1454.203986	1	5	0.0536059796	0.9463940204	Liquid+Fcc	-23255.2417	-15399.6534	12327.03898	0.0536059796	0.17	0.03	0.8	0.9865476434	-102921.4104	0.08428847432	0.05288909094	0.8628224347	Fcc	35.26197905	-15399.6534	
1451.643986	1	5	0.05289489034	0.9471051097	Liquid+Fcc	-23355.52879	-15409.56488	12226.75189	0.05289489034	0.17	0.03	0.8	0.9867348892	-102620.6613	0.08428847432	0.05288909094	0.8628224347	Fcc	35.22120875	-15409.56488	
1449.083986	1	5	0.05220298601	0.947797014	Liquid+Fcc	-23455.48365	-15419.19931	12126.79703	0.05220298601	0.17	0.03	0.8	0.9869192596	-102319.2949	0.08428847432	0.05288909094	0.8628224347	Fcc	35.18064938	-15419.19931	
1446.523986	1	5	0.0515296106	0.9484703894	Liquid+Fcc	-23555.11617	-15428.56643	12027.16451	0.0515296106	0.17	0.03	0.8	0.9871008257	-102017.3408	0.08428847432	0.05288909094	0.8628224347	Fcc	35.14029394	-15428.56643	
1443.963986	1	5	0.05087413609	0.9491258639	Liquid+Fcc	-23654.4358	-15437.67562	11927.84488	0.05087413609	0.17	0.03	0.8	0.9872796533	-101714.8283	0.08428847432	0.05288909094	0.8628224347	Fcc	35.10011537	-15437.67562	
1441.403986	1	5	0.05023596096	0.949764039	Liquid+Fcc	-23753.45157	-15446.53584	11828.82911	0.05023596096	0.17	0.03	0.8	0.9874558041	-101411.7863	0.08428847432	0.05288909094	0.8628224347	Fcc	35.06012235	-15446.53584	
1438.843986	1	5	0.04961450873	0.9503854913	Liquid+Fcc	-23852.17213	-15455.15563	11730.10855	0.04961450873	0.17	0.03	0.8	0.9876293352	-101108.2437	0.08428847432	0.05288909094	0.8628224347	Fcc	35.0203312	-15455.15563	
1436.283986	1	5	0.0490092266	0.9509907734	Liquid+Fcc	-23950.60577	-15463.54309	11631.67491	0.0490092266	0.17	0.03	0.8	0.9878002999	-100804.2291	0.08428847432	0.05288909094	0.8628224347	Fcc	34.98076676	-15463.54309	
1433.723986	1	5	0.04841958422	0.9515804158	Liquid+Fcc	-24048.76044	-15471.70616	11533.52024	0.04841958422	0.17	0.03	0.8	0.9879687475	-100499.7705	0.08428847432	0.05288909094	0.8628224347	Fcc	34.94136938	-15471.70616	
1431.163986	1	5	0.0478450725	0.9521549275	Liquid+Fcc	-24146.64372	-15479.65232	11435.63696	0.0478450725	0.17	0.03	0.8	0.9881347243	-100194.8961	0.08428847432	0.05288909094	0.8628224347	Fcc	34.90215743	-15479.65232	
1428.603986	1	5	0.04728520254	0.9527147975	Liquid+Fcc	-24244.26293	-15487.38875	11338.01775	0.04728520254	0.17	0.03	0.8	0.9882982732	-99889.63327	0.08428847432	0.05288909094	0.8628224347	Fcc	34.86316912	-15487.38875	
1426.043986	1	5	0.04673950455	0.9532604955	Liquid+Fcc	-24341.62507	-15494.92243	11240.65561	0.04673950455	0.17	0.03	0.8	0.9884594342	-99584.00938	0.08428847432	0.05288909094	0.8628224347	Fcc	34.82433589	-15494.92243	
1423.483986	1	5	0.04620752695	0.9537924731	Liquid+Fcc	-24438.73688	-15502.25998	11143.5438	0.04620752695	0.17	0.03	0.8	0.9886182448	-99278.05127	0.08428847432	0.05288909094	0.8628224347	Fcc	34.78571131	-15502.25998	
1420.923986	1	5	0.04568883544	0.9543111646	Liquid+Fcc	-24535.6048	-15509.40774	11046.67588	0.04568883544	0.17	0.03	0.8	0.9887747399	-98971.78543	0.08428847432	0.05288909094	0.8628224347	Fcc	34.7472903	-15509.40774	
1418.363986	1	5	0.04518301217	0.9548169878	Liquid+Fcc	-24632.23505	-15516.37187	10950.04563	0.04518301217	0.17	0.03	0.8	0.9889289525	-98665.23793	0.08428847432	0.05288909094	0.8628224347	Fcc	34.70906101	-15516.37187	
1415.803986	1	5	0.04468965494	0.9553103451	Liquid+Fcc	-24728.6336	-15523.1583	10853.64708	0.04468965494	0.17	0.03	0.8	0.9890809133	-98358.43443	0.08428847432	0.05288909094	0.8628224347	Fcc	34.67100035	-15523.1583	
1413.243986	1	5	0.04420837647	0.9557916235	Liquid+Fcc	-24824.80619	-15529.77268	10757.47449	0.04420837647	0.17	0.03	0.8	0.9892306514	-98051.40013	0.08428847432	0.05288909094	0.8628224347	Fcc	34.6331274	-15529.77268	
1410.683986	1	5	0.04373880369	0.9562611963	Liquid+Fcc	-24920.75835	-15536.2204	10661.52233	0.04373880369	0.17	0.03	0.8	0.9893781945	-97744.1598	0.08428847432	0.05288909094	0.8628224347	Fcc	34.59547233	-15536.2204	
1408.123986	1	5	0.04328057711	0.9567194229	Liquid+Fcc	-25016.49539	-15542.50684	10565.78529	0.04328057711	0.17	0.03	0.8	0.9895235685	-97436.73769	0.08428847432	0.05288909094	0.8628224347	Fcc	34.55797165	-15542.50684	
1405.563986	1	5	0.04283335019	0.9571666498	Liquid+Fcc	-25112.02244	-15548.63698	10470.25824	0.04283335019	0.17	0.03	0.8	0.9896667985	-97129.15762	0.08428847432	0.05288909094	0.8628224347	Fcc	34.5206684	-15548.63698	
1403.003986	1	5	0.04239678874	0.9576032113	Liquid+Fcc	-25207.34442	-15554.61567	10374.93626	0.04239678874	0.17	0.03	0.8	0.9898079081	-96821.44285	0.08428847432	0.05288909094	0.8628224347	Fcc	34.48355454	-15554.61567	
1400.443986	1	5	0.04197057045	0.9580294295	Liquid+Fcc	-25302.4661	-15560.44767	10279.81458	0.04197057045	0.17	0.03	0.8	0.9899469204	-96513.61618	0.08428847432	0.05288909094	0.8628224347	Fcc	34.4466219	-15560.44767	
1397.883986	1	5	0.0415543843	0.9584456157	Liquid+Fcc	-25397.39206	-15566.1374	10184.88862	0.0415543843	0.17	0.03	0.8	0.9900838576	-96205.69986	0.08428847432	0.05288909094	0.8628224347	Fcc	34.40989999	-15566.1374	
1395.323986	1	5	0.0411479301	0.9588520699	Liquid+Fcc	-25492.12671	-15571.68927	10090.15397	0.0411479301	0.17	0.03	0.8	0.9902187409	-95897.71561	0.08428847432	0.05288909094	0.8628224347	Fcc	34.37333887	-15571.68927	
1392.763986	1	5	0.04075091806	0.9592490819	Liquid+Fcc	-25586.674318	-15577.10745	9995.606362	0.04075091806	0.17	0.03	0.8	0.9903515915	-95589.6846	0.08428847432	0.05288909094	0.8628224347	Fcc	34.33698236	-15577.10745	
1390.203986	1	5	0.04036306833	0.9596369317	Liquid+Fcc	-25681.038995	-15582.39605	9901.241685	0.04036306833	0.17	0.03	0.8	0.9904824297	-95281.62749	0.08428847432	0.05288909094	0.8628224347	Fcc	34.30079135	-15582.39605	
1387.643986	1	5	0.03998411061	0.9600158894	Liquid+Fcc	-25775.22471	-15587.559	9807.05597	0.03998411061	0.17	0.03	0.8	0.9906112756	-94973.56434	0.08428847432	0.05288909094	0.8628224347	Fcc	34.26477083	-15587.559	
1385.083986	1	5	0.03961378374	0.9603862163	Liquid+Fcc	-25869.235288	-15592.60003	9713.045392	0.03961378374	0.17	0.03	0.8	0.9907381492	-94665.51469	0.08428847432	0.05288909094	0.8628224347	Fcc	34.22894888	-15592.60003	
1382.523986	1	5	0.03925183538	0.9607481646	Liquid+Fcc	-25963.07444	-15597.52278	9619.20624	0.03925183538	0.17	0.03	0.8	0.9908630701	-94357.49751	0.08428847432	0.05288909094	0.8628224347	Fcc	34.19331317	-15597.52278	
1379.963986	1	5	0.03889802161	0.9611019784	Liquid+Fcc	-26056.745723	-15602.33076	9525.534957	0.03889802161	0.17	0.03	0.8	0.9909860579	-94049.53119	0.08428847432	0.05288909094	0.8628224347	Fcc	34.15785634	-15602.33076	
1377.403986	1	5	0.03855210664	0.9614478934	Liquid+Fcc	-26150.252595	-15607.02745	9432.028085	0.03855210664	0.17	0.03	0.8	0.9911071321	-93741.63358	0.08428847432	0.05288909094	0.8628224347	Fcc	34.12254955	-15607.02745	
1374.843986	1	5	0.03821386249	0.9617861375	Liquid+Fcc	-26243.598399	-15611.6161	9338.682281	0.03821386249	0.17	0.03	0.8	0.9912263121	-93433.82197	0.08428847432	0.05288909094	0.8628224347	Fcc	34.08744749	-15611.6161	
1372.283986	1	5	0.03788306868	0.9621169313	Liquid+Fcc	-26336.786333	-15616.09984	9245.494347	0.03788306868	0.17	0.03	0.8	0.9913436175	-93126.11307	0.08428847432	0.05288909094	0.8628224347	Fcc	34.0525149	-15616.09984	
1369.723986	1	5	0.03755951196	0.962440488	Liquid+Fcc	-26429.819528	-15620.48176	9152.461152	0.03755951196	0.17	0.03	0.8	0.9914590679	-92818.52304	0.08428847432	0.05288909094	0.8628224347	Fcc	34.0177555	-15620.48176	
1367.163986	1	5	0.03724298604	0.962757014	Liquid+Fcc	-26522.700989	-15624.76483	9059.579691	0.03724298604	0.17	0.03	0.8	0.9915726829	-92511.0675	0.08428847432	0.05288909094	0.8628224347	Fcc	33.98317936	-15624.76483	
1364.603986	1	5	0.03693329133	0.9630667087	Liquid+Fcc	-26615.433629	-15628.95197	8966.847051	0.03693329133	0.17	0.03	0.8	0.9916844824	-92203.7615	0.08428847432	0.05288909094	0.8628224347	Fcc	33.94875485	-15628.95197	
1362.043986	1	5	0.03663023471	0.9633697653	Liquid+Fcc	-26708.020261	-15633.04587	8874.260419	0.03663023471	0.17	0.03	0.8	0.9917944864	-91896.61955	0.08428847432	0.05288909094	0.8628224347	Fcc	33.91452306	-15633.04587	
1359.483986	1	5	0.03633362926	0.9636663707	Liquid+Fcc	-26800.463603	-15637.04923	8781.817077	0.03633362926	0.17	0.03	0.8	0.9919027149	-91589.65564	0.08428847432	0.05288909094	0.8628224347	Fcc	33.88045587	-15637.04923	
1356.923986	1	5	0.03604329407	0.9639567059	Liquid+Fcc	-26892.766292	-15640.96461	8689.514388	0.03604329407	0.17	0.03	0.8	0.9920091884	-91282.88321	0.08428847432	0.05288909094	0.8628224347	Fcc	33.84656809	-15640.96461	
1354.363986	1	5	0.03575905402	0.964240946	Liquid+Fcc	-26984.930872	-15644.79451	8597.349808	0.03575905402	0.17	0.03	0.8	0.9921139271	-90976.31517	0.08428847432	0.05288909094	0.8628224347	Fcc	33.81285584	-15644.79451	
1351.803986	1	5	0.03548073958	0.9645192604	Liquid+Fcc	-27076.959818	-15648.54146	8505.320862	0.03548073958	0.17	0.03	0.8	0.9922169518	-90669.96394	0.08428847432	0.05288909094	0.8628224347	Fcc	33.77928233	-15648.54146	
1349.243986	1	5	0.03520818659	0.9647918134	Liquid+Fcc	-27168.855508	-15652.20773	8413.425172	0.03520818659	0.17	0.03	0.8	0.9923182833	-90363.8414	0.08428847432	0.05288909094	0.8628224347	Fcc	33.74588754	-15652.20773	
1346.683986	1	5	0.0349412361	0.9650587639	Liquid+Fcc	-27260.620242	-15655.79563	8321.660438	0.0349412361	0.17	0.03	0.8	0.9924179425	-90057.95897	0.08428847432	0.05288909094	0.8628224347	Fcc	33.71265607	-15655.79563	
1344.123986	1	5	0.03467973416	0.9653202658	Liquid+Fcc	-27352.256271	-15659.30734	8230.024409	0.03467973416	0.17	0.03	0.8	0.9925159507	-89752.32755	0.08428847432	0.05288909094	0.8628224347	Fcc	33.67958726	-15659.30734	
1341.563986	1	5	0.03442351208	0.9655764879	Liquid+Fcc	-27443.766141	-15662.74538	8138.514539	0.03442351208	0.17	0.03	0.8	0.9926117634	-89446.95273	0.08428847432	0.05288909094	0.8628224347	Fcc	33.64668377	-15662.74538	
1339.003986	1	5	0.03417245266	0.9658275473	Liquid+Fcc	-27535.151474	-15666.11132	8047.129206	0.03417245266	0.17	0.03	0.8	0.992706746	-89141.85182	0.08428847432	0.05288909094	0.8628224347	Fcc	33.61394215	-15666.11132	
1336.443986	1	5	0.03392640883	0.9660735912	Liquid+Fcc	-27626.414374	-15669.40719	7955.866306	0.03392640883	0.17	0.03	0.8	0.9927999363	-88837.03422	0.08428847432	0.05288909094	0.8628224347	Fcc	33.58137445	-15669.40719	
1333.883986	1	5	0.03368524499	0.966314755	Liquid+Fcc	-27717.556797	-15672.63494	7864.723883	0.03368524499	0.17	0.03	0.8	0.9928915601	-88532.50665	0.08428847432	0.05288909094	0.8628224347	Fcc	33.54895245	-15672.63494	
1331.323986	1	5	0.03344882984	0.9665511702	Liquid+Fcc	-27808.580663	-15675.79649	7773.700017	0.03344882984	0.17	0.03	0.8	0.9929816407	-88228.27771	0.08428847432	0.05288909094	0.8628224347	Fcc	33.51669064	-15675.79649	
1328.763986	1	5	0.03321703612	0.9667829639	Liquid+Fcc	-27899.487806	-15678.89358	7682.792874	0.03321703612	0.17	0.03	0.8	0.9930701996	-87924.35564	0.08428847432	0.05288909094	0.8628224347	Fcc	33.48458125	-15678.89358	
1326.203986	1	5	0.03298974054	0.9670102595	Liquid+Fcc	-27990.280018	-15681.92802	7592.000662	0.03298974054	0.17	0.03	0.8	0.9931572588	-87620.74823	0.08428847432	0.05288909094	0.8628224347	Fcc	33.4526178	-15681.92802	
1323.643986	1	5	0.0327668236	0.9672331764	Liquid+Fcc	-28080.95903	-15684.9015	7501.32165	0.0327668236	0.17	0.03	0.8	0.9932428403	-87317.46289	0.08428847432	0.05288909094	0.8628224347	Fcc	33.42083125	-15684.9015	
1321.083986	1	5	0.03254816946	0.9674518305	Liquid+Fcc	-28171.526509	-15687.81565	7410.754171	0.03254816946	0.17	0.03	0.8	0.9933269659	-87014.50663	0.08428847432	0.05288909094	0.8628224347	Fcc	33.38919	-15687.81565	
1318.523986	1	5	0.03233366588	0.9676663341	Liquid+Fcc	-28261.984086	-15690.67202	7320.296594	0.03233366588	0.17	0.03	0.8	0.9934096577	-86711.88609	0.08428847432	0.05288909094	0.8628224347	Fcc	33.35769129	-15690.67202	
1315.963986	1	5	0.03212320403	0.967876796	Liquid+Fcc	-28352.333344	-15693.47218	7229.947336	0.03212320403	0.17	0.03	0.8	0.9934909376	-86409.60756	0.08428847432	0.05288909094	0.8628224347	Fcc	33.32636801	-15693.47218	
1313.403986	1	5	0.03191667842	0.9680833216	Liquid+Fcc	-28442.575798	-15696.21768	7139.704882	0.03191667842	0.17	0.03	0.8	0.9935708275	-86107.67696	0.08428847432	0.05288909094	0.8628224347	Fcc	33.29515383	-15696.21768	
1310.843986	1	5	0.03171398675	0.9682860133	Liquid+Fcc	-28532.712934	-15698.90988	7049.567746	0.03171398675	0.17	0.03	0.8	0.9936493495	-85806.09989	0.08428847432	0.05288909094	0.8628224347	Fcc	33.26412063	-15698.90988	
1308.283986	1	5	0.03151502985	0.9684849702	Liquid+Fcc	-28622.746187	-15701.55022	6959.534493	0.03151502985	0.17	0.03	0.8	0.9937265252	-85504.88159	0.08428847432	0.05288909094	0.8628224347	Fcc	33.23321485	-15701.55022	
1305.723986	1	5	0.03131971156	0.9686802884	Liquid+Fcc	-28712.676945	-15704.14007	6869.603735	0.03131971156	0.17	0.03	0.8	0.9938023765	-85204.02701	0.08428847432	0.05288909094	0.8628224347	Fcc	33.20245388	-15704.14007	
1303.163986	1	5	0.03112793862	0.9688720614	Liquid+Fcc	-28802.506565	-15706.68076	6779.774115	0.03112793862	0.17	0.03	0.8	0.993876925	-84903.5408	0.08428847432	0.05288909094	0.8628224347	Fcc	33.17183494	-15706.68076	
1300.603986	1	5	0.03093962058	0.9690603794	Liquid+Fcc	-28892.236353	-15709.17355	6690.044327	0.03093962058	0.17	0.03	0.8	0.9939501923	-84603.42728	0.08428847432	0.05288909094	0.8628224347	Fcc	33.14137369	-15709.17355	
1298.043986	1	5	0.03075466971	0.9692453303	Liquid+Fcc	-28981.867583	-15711.61969	6600.413097	0.03075466971	0.17	0.03	0.8	0.9940221998	-84303.69052	0.08428847432	0.05288909094	0.8628224347	Fcc	33.1110365	-15711.61969	
1295.483986	1	5	0.03057300091	0.9694269991	Liquid+Fcc	-29071.401473	-15714.02035	6510.879207	0.03057300091	0.17	0.03	0.8	0.9940929687	-84004.33431	0.08428847432	0.05288909094	0.8628224347	Fcc	33.08084338	-15714.02035	
1292.923986	1	5	0.03039453164	0.9696054684	Liquid+Fcc	-29160.839234	-15716.37673	6421.441446	0.03039453164	0.17	0.03	0.8	0.9941625203	-83705.36216	0.08428847432	0.05288909094	0.8628224347	Fcc	33.05078994	-15716.37673	
1290.363986	1	5	0.0302191818	0.9697808182	Liquid+Fcc	-29250.182021	-15718.68988	6332.098659	0.0302191818	0.17	0.03	0.8	0.9942308754	-83406.77736	0.08428847432	0.05288909094	0.8628224347	Fcc	33.02089794	-15718.68988	
1287.803986	1	5	0.03004687368	0.9699531263	Liquid+Fcc	-29339.430959	-15720.96099	6242.849721	0.03004687368	0.17	0.03	0.8	0.9942980549	-83108.58292	0.08428847432	0.05288909094	0.8628224347	Fcc	32.99110656	-15720.96099	
1285.243986	1	5	0.02987753189	0.9701224681	Liquid+Fcc	-29428.587142	-15723.19111	6153.693538	0.02987753189	0.17	0.03	0.8	0.9943640794	-82810.78164	0.08428847432	0.05288909094	0.8628224347	Fcc	32.96144868	-15723.19111	
1282.683986	1	5	0.02971108324	0.9702889168	Liquid+Fcc	-29517.651631	-15725.38122	6064.629049	0.02971108324	0.17	0.03	0.8	0.9944289692	-82513.37609	0.08428847432	0.05288909094	0.8628224347	Fcc	32.93194784	-15725.38122	
1280.123986	1	5	0.02954745672	0.9704525433	Liquid+Fcc	-29606.625455	-15727.53229	5975.655225	0.02954745672	0.17	0.03	0.8	0.9944927447	-82216.36864	0.08428847432	0.05288909094	0.8628224347	Fcc	32.9025779	-15727.53229	
1277.563986	1	5	0.02938658339	0.9706134166	Liquid+Fcc	-29695.509615	-15729.64537	5886.771065	0.02938658339	0.17	0.03	0.8	0.9945554256	-81919.76143	0.08428847432	0.05288909094	0.8628224347	Fcc	32.87332234	-15729.64537	
1275.003986	1	5	0.02922839635	0.9707716036	Liquid+Fcc	-29784.305088	-15731.72136	5797.975592	0.02922839635	0.17	0.03	0.8	0.9946170319	-81623.55643	0.08428847432	0.05288909094	0.8628224347	Fcc	32.84420586	-15731.72136	
1272.443986	1	5	0.02907283064	0.9709271694	Liquid+Fcc	-29873.012814	-15733.76119	5709.267866	0.02907283064	0.17	0.03	0.8	0.9946775829	-81327.75541	0.08428847432	0.05288909094	0.8628224347	Fcc	32.81521662	-15733.76119	
1269.883986	1	5	0.02891982318	0.9710801768	Liquid+Fcc	-29961.633704	-15735.76568	5620.646976	0.02891982318	0.17	0.03	0.8	0.9947370981	-81032.35996	0.08428847432	0.05288909094	0.8628224347	Fcc	32.78636117	-15735.76568	
1267.323986	1	5	0.02876931275	0.9712306873	Liquid+Fcc	-30050.168661	-15737.7358	5532.112019	0.02876931275	0.17	0.03	0.8	0.9947955963	-80737.37151	0.08428847432	0.05288909094	0.8628224347	Fcc	32.75760664	-15737.7358	
1264.763986	1	5	0.02862123987	0.9713787601	Liquid+Fcc	-30138.618543	-15739.67227	5443.662137	0.02862123987	0.17	0.03	0.8	0.9948530965	-80442.7913	0.08428847432	0.05288909094	0.8628224347	Fcc	32.72900691	-15739.67227	
1262.203986	1	5	0.0284755468	0.9715244532	Liquid+Fcc	-30226.984192	-15741.57599	5355.296488	0.0284755468	0.17	0.03	0.8	0.9949096171	-80148.62045	0.08428847432	0.05288909094	0.8628224347	Fcc	32.70050722	-15741.57599	
1259.643986	1	5	0.02833217745	0.9716678226	Liquid+Fcc	-30315.266437	-15743.44771	5267.014243	0.02833217745	0.17	0.03	0.8	0.9949651764	-79854.85991	0.08428847432	0.05288909094	0.8628224347	Fcc	32.67213419	-15743.44771	
1257.083986	1	5	0.02819107732	0.9718089227	Liquid+Fcc	-30403.466058	-15745.28819	5178.814622	0.02819107732	0.17	0.03	0.8	0.9950197924	-79561.5105	0.08428847432	0.05288909094	0.8628224347	Fcc	32.64388594	-15745.28819	
1254.523986	1	5	0.0280521935	0.9719478065	Liquid+Fcc	-30491.583839	-15747.09817	5090.696841	0.0280521935	0.17	0.03	0.8	0.9950734828	-79268.57289	0.08428847432	0.05288909094	0.8628224347	Fcc	32.61575976	-15747.09817	
1251.963986	1	5	0.02791547454	0.9720845255	Liquid+Fcc	-30579.620528	-15748.87834	5002.660152	0.02791547454	0.17	0.03	0.8	0.9951262651	-78976.04763	0.08428847432	0.05288909094	0.8628224347	Fcc	32.58774576	-15748.87834	
1249.403986	1	5	0.02778087049	0.9722191295	Liquid+Fcc	-30667.576866	-15750.62943	4914.703814	0.02778087049	0.17	0.03	0.8	0.9951781565	-78683.93517	0.08428847432	0.05288909094	0.8628224347	Fcc	32.55986202	-15750.62943	
1246.843986	1	5	0.02764833279	0.9723516672	Liquid+Fcc	-30755.453559	-15752.35212	4826.827121	0.02764833279	0.17	0.03	0.8	0.9952291739	-78392.2358	0.08428847432	0.05288909094	0.8628224347	Fcc	32.53207689	-15752.35212	
1244.283986	1	5	0.02751781425	0.9724821858	Liquid+Fcc	-30843.251296	-15754.04707	4739.029384	0.02751781425	0.17	0.03	0.8	0.995279334	-78100.94975	0.08428847432	0.05288909094	0.8628224347	Fcc	32.50441845	-15754.04707	
1241.723986	1	5	0.02738926899	0.972610731	Liquid+Fcc	-30930.97076	-15755.71489	4651.30992	0.02738926899	0.17	0.03	0.8	0.9953286531	-77810.0771	0.08428847432	0.05288909094	0.8628224347	Fcc	32.47686776	-15755.71489	
1239.163986	1	5	0.02726265243	0.9727373476	Liquid+Fcc	-31018.612608	-15757.35627	4563.668072	0.02726265243	0.17	0.03	0.8	0.9953771472	-77519.61787	0.08428847432	0.05288909094	0.8628224347	Fcc	32.44941479	-15757.35627	
1236.603986	1	5	0.02713792123	0.9728620788	Liquid+Fcc	-31106.177478	-15758.97177	4476.103202	0.02713792123	0.17	0.03	0.8	0.9954248324	-77229.57196	0.08428847432	0.05288909094	0.8628224347	Fcc	32.42209863	-15758.97177	
1234.043986	1	5	0.02701503323	0.9729849668	Liquid+Fcc	-31193.665997	-15760.56198	4388.614683	0.02701503323	0.17	0.03	0.8	0.995471724	-76939.93919	0.08428847432	0.05288909094	0.8628224347	Fcc	32.39487941	-15760.56198	
1231.483986	1	5	0.02689394746	0.9731060525	Liquid+Fcc	-31281.07877	-15762.12748	4301.20191	0.02689394746	0.17	0.03	0.8	0.9955178374	-76650.71931	0.08428847432	0.05288909094	0.8628224347	Fcc	32.36776067	-15762.12748	
1228.923986	1	5	0.02677462406	0.9732253759	Liquid+Fcc	-31368.416386	-15763.66878	4213.864294	0.02677462406	0.17	0.03	0.8	0.9955631876	-76361.91198	0.08428847432	0.05288909094	0.8628224347	Fcc	32.34078608	-15763.66878	
1226.363986	1	5	0.02665702427	0.9733429757	Liquid+Fcc	-31455.679429	-15765.18642	4126.601251	0.02665702427	0.17	0.03	0.8	0.9956077892	-76073.51678	0.08428847432	0.05288909094	0.8628224347	Fcc	32.31388761	-15765.18642	
1223.803986	1	5	0.02654111038	0.9734588896	Liquid+Fcc	-31542.868461	-15766.68098	4039.412219	0.02654111038	0.17	0.03	0.8	0.9956516569	-75785.53322	0.08428847432	0.05288909094	0.8628224347	Fcc	32.28710506	-15766.68098	
1221.243986	1	5	0.02642684571	0.9735731543	Liquid+Fcc	-31629.984029	-15768.15298	3952.296651	0.02642684571	0.17	0.03	0.8	0.9956948047	-75497.96076	0.08428847432	0.05288909094	0.8628224347	Fcc	32.26040502	-15768.15298	
1218.683986	1	5	0.02631419459	0.9736858054	Liquid+Fcc	-31717.026665	-15769.60286	3865.254015	0.02631419459	0.17	0.03	0.8	0.9957372466	-75210.79879	0.08428847432	0.05288909094	0.8628224347	Fcc	32.23383465	-15769.60286	
1216.123986	1	5	0.02620312228	0.9737968777	Liquid+Fcc	-31803.996898	-15771.03108	3778.283782	0.02620312228	0.17	0.03	0.8	0.9957789963	-74924.04663	0.08428847432	0.05288909094	0.8628224347	Fcc	32.20737222	-15771.03108	
1213.563986	1	5	0.02609359499	0.973906405	Liquid+Fcc	-31890.895236	-15772.43818	3691.385444	0.02609359499	0.17	0.03	0.8	0.9958200672	-74637.70356	0.08428847432	0.05288909094	0.8628224347	Fcc	32.18099594	-15772.43818	
1211.003986	1	5	0.02598557971	0.9740144203	Liquid+Fcc	-31977.722179	-15773.82459	3604.558501	0.02598557971	0.17	0.03	0.8	0.995860468	-74351.7689	0.08428847432	0.05288909094	0.8628224347	Fcc	32.15472939	-15773.82459	
1208.443986	1	5	0.02587904457	0.9741209554	Liquid+Fcc	-32064.47821	-15775.19078	3517.80247	0.02587904457	0.17	0.03	0.8	0.9959002206	-74066.24165	0.08428847432	0.05288909094	0.8628224347	Fcc	32.12853534	-15775.19078	
1205.883986	1	5	0.02577395839	0.9742260416	Liquid+Fcc	-32151.16381	-15776.53711	3431.11687	0.02577395839	0.17	0.03	0.8	0.9959393331	-73781.12103	0.08428847432	0.05288909094	0.8628224347	Fcc	32.102473	-15776.53711	
1203.323986	1	5	0.02567029083	0.9743297092	Liquid+Fcc	-32237.779431	-15777.86407	3344.501249	0.02567029083	0.17	0.03	0.8	0.9959778178	-73496.40611	0.08428847432	0.05288909094	0.8628224347	Fcc	32.07649765	-15777.86407	
1200.763986	1	5	0.02556801236	0.9744319876	Liquid+Fcc	-32324.325539	-15779.17199	3257.955141	0.02556801236	0.17	0.03	0.8	0.996015687	-73212.09595	0.08428847432	0.05288909094	0.8628224347	Fcc	32.05062858	-15779.17199	
1198.203986	1	5	0.02546709421	0.9745329058	Liquid+Fcc	-32410.802574	-15780.46136	3171.478106	0.02546709421	0.17	0.03	0.8	0.9960529526	-72928.18958	0.08428847432	0.05288909094	0.8628224347	Fcc	32.02483658	-15780.46136	
1195.643986	1	5	0.02536750835	0.9746324917	Liquid+Fcc	-32497.210963	-15781.73256	3085.069717	0.02536750835	0.17	0.03	0.8	0.9960896263	-72644.68595	0.08428847432	0.05288909094	0.8628224347	Fcc	31.9991272	-15781.73256	
1193.083986	1	5	0.0252692275	0.9747307725	Liquid+Fcc	-32583.551138	-15782.98595	2998.729542	0.0252692275	0.17	0.03	0.8	0.9961257194	-72361.58404	0.08428847432	0.05288909094	0.8628224347	Fcc	31.97353674	-15782.98595	
1190.523986	1	5	0.02517222509	0.9748277749	Liquid+Fcc	-32669.823515	-15784.22184	2912.457165	0.02517222509	0.17	0.03	0.8	0.9961612433	-72078.88275	0.08428847432	0.05288909094	0.8628224347	Fcc	31.94803353	-15784.22184	
1187.963986	1	5	0.0250764752	0.9749235248	Liquid+Fcc	-32756.0285	-15785.4406	2826.25218	0.0250764752	0.17	0.03	0.8	0.9961962088	-71796.58099	0.08428847432	0.05288909094	0.8628224347	Fcc	31.92263744	-15785.4406	
1185.403986	1	5	0.0249819526	0.9750180474	Liquid+Fcc	-32842.166484	-15786.64263	2740.114196	0.0249819526	0.17	0.03	0.8	0.9962306268	-71514.67762	0.08428847432	0.05288909094	0.8628224347	Fcc	31.89731393	-15786.64263	
1182.843986	1	5	0.02488863272	0.9751113673	Liquid+Fcc	-32928.237867	-15787.82823	2654.042813	0.02488863272	0.17	0.03	0.8	0.9962645078	-71233.17148	0.08428847432	0.05288909094	0.8628224347	Fcc	31.87207775	-15787.82823	
1180.283986	1	5	0.02479649156	0.9752035084	Liquid+Fcc	-33014.243028	-15788.99779	2568.037652	0.02479649156	0.17	0.03	0.8	0.9962978621	-70952.06142	0.08428847432	0.05288909094	0.8628224347	Fcc	31.84692777	-15788.99779	
1177.723986	1	5	0.02470550579	0.9752944942	Liquid+Fcc	-33100.182342	-15790.1515	2482.098338	0.02470550579	0.17	0.03	0.8	0.9963306999	-70671.34623	0.08428847432	0.05288909094	0.8628224347	Fcc	31.82189687	-15790.1515	
1175.163986	1	5	0.02461565263	0.9753843474	Liquid+Fcc	-33186.056183	-15791.28982	2396.224497	0.02461565263	0.17	0.03	0.8	0.996363031	-70391.02471	0.08428847432	0.05288909094	0.8628224347	Fcc	31.796915	-15791.28982	
1172.603986	1	5	0.02452690989	0.9754730901	Liquid+Fcc	-33271.8649	-15792.41297	2310.41578	0.02452690989	0.17	0.03	0.8	0.9963948651	-70111.09564	0.08428847432	0.05288909094	0.8628224347	Fcc	31.77204581	-15792.41297	
1170.043986	1	5	0.0244392559	0.9755607441	Liquid+Fcc	-33357.608854	-15793.52131	2224.671826	0.0244392559	0.17	0.03	0.8	0.9964262118	-69831.55778	0.08428847432	0.05288909094	0.8628224347	Fcc	31.74724481	-15793.52131	
1167.483986	1	5	0.02435266958	0.9756473304	Liquid+Fcc	-33443.2884	-15794.61504	2138.99228	0.02435266958	0.17	0.03	0.8	0.9964570803	-69552.40988	0.08428847432	0.05288909094	0.8628224347	Fcc	31.72253383	-15794.61504	
1164.923986	1	5	0.02426713034	0.9757328697	Liquid+Fcc	-33528.903874	-15795.69453	2053.376806	0.02426713034	0.17	0.03	0.8	0.9964874798	-69273.65069	0.08428847432	0.05288909094	0.8628224347	Fcc	31.69790545	-15795.69453	
1162.363986	1	5	0.02418261809	0.9758173819	Liquid+Fcc	-33614.455612	-15796.75997	1967.825068	0.02418261809	0.17	0.03	0.8	0.9965174191	-68995.27894	0.08428847432	0.05288909094	0.8628224347	Fcc	31.67337355	-15796.75997	
1159.803986	1	5	0.02409911327	0.9759008867	Liquid+Fcc	-33699.943941	-15797.81172	1882.336739	0.02409911327	0.17	0.03	0.8	0.996546907	-68717.29334	0.08428847432	0.05288909094	0.8628224347	Fcc	31.64890522	-15797.81172	
1157.243986	1	5	0.02401659675	0.9759834033	Liquid+Fcc	-33785.369199	-15798.85001	1796.911481	0.02401659675	0.17	0.03	0.8	0.9965759521	-68439.69263	0.08428847432	0.05288909094	0.8628224347	Fcc	31.62453058	-15798.85001	
1154.683986	1	5	0.0239350499	0.9760649501	Liquid+Fcc	-33870.731698	-15799.87508	1711.548982	0.0239350499	0.17	0.03	0.8	0.9966045627	-68162.47552	0.08428847432	0.05288909094	0.8628224347	Fcc	31.60022595	-15799.87508	
1152.123986	1	5	0.02385445453	0.9761455455	Liquid+Fcc	-33956.031754	-15800.88716	1626.248926	0.02385445453	0.17	0.03	0.8	0.9966327469	-67885.6407	0.08428847432	0.05288909094	0.8628224347	Fcc	31.57601683	-15800.88716	
1149.563986	1	5	0.02377479288	0.9762252071	Liquid+Fcc	-34041.269679	-15801.88652	1541.011001	0.02377479288	0.17	0.03	0.8	0.9966605129	-67609.1869	0.08428847432	0.05288909094	0.8628224347	Fcc	31.5518723	-15801.88652	
1147.003986	1	5	0.02369604764	0.9763039524	Liquid+Fcc	-34126.445783	-15802.87343	1455.834897	0.02369604764	0.17	0.03	0.8	0.9966878684	-67333.11281	0.08428847432	0.05288909094	0.8628224347	Fcc	31.52780596	-15802.87343	
1144.443986	1	5	0.02361820189	0.9763817981	Liquid+Fcc	-34211.560364	-15803.84808	1370.720316	0.02361820189	0.17	0.03	0.8	0.9967148212	-67057.41713	0.08428847432	0.05288909094	0.8628224347	Fcc	31.50381699	-15803.84808	
1141.883986	1	5	0.02354123911	0.9764587609	Liquid+Fcc	-34296.613724	-15804.81069	1285.666956	0.02354123911	0.17	0.03	0.8	0.9967413787	-66782.09857	0.08428847432	0.05288909094	0.8628224347	Fcc	31.47991805	-15804.81069	
1139.323986	1	5	0.02346514319	0.9765348568	Liquid+Fcc	-34381.606162	-15805.7615	1200.674518	0.02346514319	0.17	0.03	0.8	0.9967675483	-66507.15583	0.08428847432	0.05288909094	0.8628224347	Fcc	31.45608465	-15805.7615	
1136.763986	1	5	0.02338989839	0.9766101016	Liquid+Fcc	-34466.53796	-15806.70073	1115.74272	0.02338989839	0.17	0.03	0.8	0.9967933373	-66232.58762	0.08428847432	0.05288909094	0.8628224347	Fcc	31.4323177	-15806.70073	
1134.203986	1	5	0.02331548934	0.9766845107	Liquid+Fcc	-34551.409415	-15807.62856	1030.871265	0.02331548934	0.17	0.03	0.8	0.9968187526	-65958.39263	0.08428847432	0.05288909094	0.8628224347	Fcc	31.40864263	-15807.62856	
1131.643986	1	5	0.02324190102	0.976758099	Liquid+Fcc	-34636.2208086	-15808.54521	946.0598714	0.02324190102	0.17	0.03	0.8	0.9968438012	-65684.56958	0.08428847432	0.05288909094	0.8628224347	Fcc	31.38503038	-15808.54521	
1129.083986	1	5	0.02316911877	0.9768308812	Liquid+Fcc	-34720.9724201	-15809.45089	861.3082599	0.02316911877	0.17	0.03	0.8	0.9968684899	-65411.11719	0.08428847432	0.05288909094	0.8628224347	Fcc	31.36149547	-15809.45089	
1126.523986	1	5	0.02309712827	0.9769028717	Liquid+Fcc	-34805.6645351	-15810.3458	776.6161449	0.02309712827	0.17	0.03	0.8	0.9968928252	-65138.03415	0.08428847432	0.05288909094	0.8628224347	Fcc	31.33803156	-15810.3458	
1123.963986	1	5	0.02302591551	0.9769740845	Liquid+Fcc	-34890.2974316	-15811.23011	691.9832484	0.02302591551	0.17	0.03	0.8	0.9969168136	-64865.31921	0.08428847432	0.05288909094	0.8628224347	Fcc	31.31464325	-15811.23011	
1121.403986	1	5	0.02295546684	0.9770445332	Liquid+Fcc	-34974.8713792	-15812.10403	607.4093008	0.02295546684	0.17	0.03	0.8	0.9969404615	-64592.97108	0.08428847432	0.05288909094	0.8628224347	Fcc	31.29131322	-15812.10403	
1118.843986	1	5	0.02288576888	0.9771142311	Liquid+Fcc	-35059.3866521	-15812.96771	522.8940279	0.02288576888	0.17	0.03	0.8	0.996963775	-64320.98849	0.08428847432	0.05288909094	0.8628224347	Fcc	31.2680642	-15812.96771	
1116.283986	1	5	0.02281680857	0.9771831914	Liquid+Fcc	-35143.8435236	-15813.82137	438.4371564	0.02281680857	0.17	0.03	0.8	0.9969867603	-64049.37019	0.08428847432	0.05288909094	0.8628224347	Fcc	31.24488439	-15813.82137	
1113.723986	1	5	0.02274857315	0.9772514268	Liquid+Fcc	-35228.242267	-15814.66513	354.038413	0.02274857315	0.17	0.03	0.8	0.9970094233	-63778.11491	0.08428847432	0.05288909094	0.8628224347	Fcc	31.22176927	-15814.66513	
1111.163986	1	5	0.02268105015	0.9773189499	Liquid+Fcc	-35312.5831393	-15815.4992	269.6975407	0.02268105015	0.17	0.03	0.8	0.9970317697	-63507.22141	0.08428847432	0.05288909094	0.8628224347	Fcc	31.19872064	-15815.4992	
1108.603986	1	5	0.02261422736	0.9773857726	Liquid+Fcc	-35396.8664159	-15816.32369	185.4142641	0.02261422736	0.17	0.03	0.8	0.9970538054	-63236.68845	0.08428847432	0.05288909094	0.8628224347	Fcc	31.17574488	-15816.32369	
1106.043986	1	5	0.02254809286	0.9774519071	Liquid+Fcc	-35481.0923598	-15817.13882	101.1883202	0.02254809286	0.17	0.03	0.8	0.9970755358	-62966.51479	0.08428847432	0.05288909094	0.8628224347	Fcc	31.15283652	-15817.13882	
1103.483986	1	5	0.02248263499	0.977517365	Liquid+Fcc	-35565.26123045	-15817.94471	17.01944955	0.02248263499	0.17	0.03	0.8	0.9970969664	-62696.69921	0.08428847432	0.05288909094	0.8628224347	Fcc	31.12998741	-15817.94471	
1102.843986	1	5	0.022466374	0.977533626	Liquid+Fcc	-35586.341035507	-15818.18676	-4.060355507	0.022466374	0.17	0.03	0.8	0.9992767309	-62580.9461	0.08428847432	0.05288909094	0.8628224347	Fcc	31.12114507	-15818.18676	
1102.683986	1	5	0.02246231198	0.977537688	Liquid+Fcc	-35591.610412198	-15818.24688	-9.329732198	0.02246231198	0.17	0.03	0.8	0.9998191956	-62552.04368	0.08428847432	0.05288909094	0.8628224347	Fcc	31.11891664	-15818.24688	
1102.643986	1	5	0.02246129636	0.9775387036	Liquid+Fcc	-35592.9277255	-15818.26189	-10.6470455	0.02246129636	0.17	0.03	0.8	0.9999547859	-62544.81842	0.08428847432	0.05288909094	0.8628224347	Fcc	31.11837525	-15818.26189	
1102.623986	1	5	0.02245630193	0.9775436981	Liquid+Fcc+Fcc	-35593.62636875	-15818.30939	-11.34568875	0.02245630193	0.17	0.03	0.8	0.9997776425	-62542.21498	0.08428847432	0.05288909094	0.8628224347	Fcc+Fcc	31.11815204	-15818.30939	
1102.603986	1	5	0.02245116791	0.9775488321	Liquid+Fcc+Fcc	-35594.25442813	-15818.2863	-11.97374813	0.02245116791	0.17	0.03	0.8	0.9997713776	-62541.12071	0.08428847432	0.05288909094	0.8628224347	Fcc+Fcc	31.11796652	-15818.2863	
1102.563986	1	5	0.02244089155	0.9775591085	Liquid+Fcc+Fcc	-35595.57933506	-15818.30893	-13.29865506	0.02244089155	0.17	0.03	0.8	0.9995422794	-62538.45417	0.08428847432	0.05288909094	0.8628224347	Fcc+Fcc	31.11763572	-15818.30893	
1102.483986	1	5	0.02242031034	0.9775796897	Liquid+Fcc+Fcc	-35598.22941699	-15818.3545	-15.94873699	0.02242031034	0.17	0.03	0.8	0.9990828702	-62533.11765	0.08428847432	0.05288909094	0.8628224347	Fcc+Fcc	31.11694071	-15818.3545	
1102.323986	1	5	0.02237906015	0.9776209399	Liquid+Fcc+Fcc	-35603.52990397	-15818.44616	-21.24922397	0.02237906015	0.17	0.03	0.8	0.9981601418	-62522.45672	0.08428847432	0.05288909094	0.8628224347	Fcc+Fcc	31.11557147	-15818.44616	
1102.003986	1	5	0.02229620506	0.9777037949	Liquid+Fcc+Fcc	-35614.13267915	-15818.63201	-31.85199915	0.02229620506	0.17	0.03	0.8	0.9962976512	-62501.16128	0.08428847432	0.05288909094	0.8628224347	Fcc+Fcc	31.11284308	-15818.63201	
1101.363986	1	5	0.02212905307	0.9778709469	Liquid+Fcc+Fcc	-35635.34637607	-15819.01487	-53.06569607	0.02212905307	0.17	0.03	0.8	0.9925031193	-62458.63937	0.08428847432	0.05288909094	0.8628224347	Fcc+Fcc	31.10738485	-15819.01487	
1100.083986	1	5	0.02178866696	0.978211333	Liquid+Fcc+Fcc	-35677.81032811	-15819.82908	-95.52964811	0.02178866696	0.17	0.03	0.8	0.9846181348	-62373.89426	0.08428847432	0.05288909094	0.8628224347	Fcc+Fcc	31.09647414	-15819.82908	
1097.523986	1	5	0.02108132592	0.9789186741	Liquid+Fcc+Fcc	-35762.9072615	-15821.67425	-180.6265815	0.02108132592	0.17	0.03	0.8	0.9675362867	-62205.66067	0.08428847432	0.05288909094	0.8628224347	Fcc+Fcc	31.07472339	-15821.67425	
1094.963986	1	5	0.02034921217	0.9796507878	Liquid+Fcc+Fcc	-35842.8837324	-15818.44653	-260.6030524	0.02034921217	0.17	0.03	0.8	0.9652719303	-62077.77957	0.08428847432	0.05288909094	0.8628224347	Fcc+Fcc	31.05217673	-15818.44653	
1092.403986	1	5	0.01958895984	0.9804110402	Liquid+Fcc+Fcc	-35922.6868481	-15815.09295	-340.4061681	0.01958895984	0.17	0.03	0.8	0.9626397171	-61956.16186	0.08428847432	0.05288909094	0.8628224347	Fcc+Fcc	31.02978962	-15815.09295	
1089.843986	1	5	0.01879659091	0.9812034091	Liquid+Fcc+Fcc	-36002.31049	-15811.6072	-420.02981	0.01879659091	0.17	0.03	0.8	0.9595502292	-61841.56478	0.08428847432	0.05288909094	0.8628224347	Fcc+Fcc	31.00757731	-15811.6072	
1087.283986	1	5	0.01796740721	0.9820325928	Liquid+Fcc+Fcc	-36081.7481486	-15807.98267	-499.4674686	0.01796740721	0.17	0.03	0.8	0.9558864848	-61734.89406	0.08428847432	0.05288909094	0.8628224347	Fcc+Fcc	30.98554366	-15807.98267	
1084.723986	1	5	0.01709588901	0.982904111	Liquid+Fcc+Fcc	-36160.9929537	-15804.21233	-578.7122737	0.01709588901	0.17	0.03	0.8	0.951494493	-61637.2405	0.08428847432	0.05288909094	0.8628224347	Fcc+Fcc	30.96374709	-15804.21233	
1082.163986	1	5	0.01617565152	0.9838243485	Liquid+Fcc+Fcc	-36240.0373023	-15800.28843	-657.7566223	0.01617565152	0.17	0.03	0.8	0.9461720012	-61549.92602	0.08428847432	0.05288909094	0.8628224347	Fcc+Fcc	30.94217541	-15800.28843	
1079.603986	1	5	0.01519956905	0.984800431	Liquid+Fcc+Fcc	-36318.8718209	-15796.20147	-736.5911409	0.01519956905	0.17	0.03	0.8	0.9396573011	-61474.55836	0.08428847432	0.05288909094	0.8628224347	Fcc+Fcc	30.92088718	-15796.20147	
1077.043986	1	5	0.01416029746	0.9858397025	Liquid+Fcc+Fcc	-36397.4827104	-15791.93753	-815.2020304	0.01416029746	0.17	0.03	0.8	0.9316249307	-61413.09035	0.08428847432	0.05288909094	0.8628224347	Fcc+Fcc	30.8999025	-15791.93753	
1074.483986	1	5	0.01305162654	0.9869483735	Liquid+Fcc+Fcc	-36475.8459358	-15787.47236	-893.5652558	0.01305162654	0.17	0.03	0.8	0.9217056755	-61367.86905	0.08428847432	0.05288909094	0.8628224347	Fcc+Fcc	30.87932738	-15787.47236	
1071.923986	1	5	0.01187131517	0.9881286848	Liquid+Fcc+Fcc	-36553.9168546	-15782.76116	-971.6361746	0.01187131517	0.17	0.03	0.8	0.909565956	-61341.63973	0.08428847432	0.05288909094	0.8628224347	Fcc+Fcc	30.85924176	-15782.76116	
1069.363986	1	5	0.01062594505	0.989374055	Liquid+Fcc+Fcc	-36631.617924	-15777.72619	-1049.337244	0.01062594505	0.17	0.03	0.8	0.895094174	-61337.43378	0.08428847432	0.05288909094	0.8628224347	Fcc+Fcc	30.83975813	-15777.72619	
1066.803986	1	5	0.009337036773	0.9906629632	Liquid+Fcc+Fcc	-36708.840098	-15772.25826	-1126.559418	0.009337036773	0.17	0.03	0.8	0.878701775	-61358.23359	0.08428847432	0.05288909094	0.8628224347	Fcc+Fcc	30.82102551	-15772.25826	
1064.243986	1	5	0.008044714925	0.9919552851	Liquid+Fcc+Fcc	-36785.489273	-15766.26309	-1203.208593	0.008044714925	0.17	0.03	0.8	0.8615918648	-61406.32786	0.08428847432	0.05288909094	0.8628224347	Fcc+Fcc	30.80320211	-15766.26309	
1061.683986	1	5	0.006803200272	0.9931967997	Liquid+Fcc+Fcc	-36861.589708	-15759.76467	-1279.309028	0.006803200272	0.17	0.03	0.8	0.845673257	-61482.44545	0.08428847432	0.05288909094	0.8628224347	Fcc+Fcc	30.78639454	-15759.76467	
1059.123986	1	5	0.005666697333	0.9943333027	Liquid+Fcc+Fcc	-36937.37477	-15752.9962	-1355.09409	0.005666697333	0.17	0.03	0.8	0.8329458352	-61585.0607	0.08428847432	0.05288909094	0.8628224347	Fcc+Fcc	30.77064273	-15752.9962	
1056.563986	1	5	0.004673379041	0.995326621	Liquid+Fcc+Fcc	-37013.251767	-15746.36477	-1430.971087	0.004673379041	0.17	0.03	0.8	0.8247094854	-61710.37037	0.08428847432	0.05288909094	0.8628224347	Fcc+Fcc	30.75591009	-15746.36477	
1054.003986	1	5	0.003837713602	0.9961622864	Liquid+Fcc+Fcc	-37089.640131	-15740.28967	-1507.359451	0.003837713602	0.17	0.03	0.8	0.8211860345	-61853.06086	0.08428847432	0.05288909094	0.8628224347	Fcc+Fcc	30.74210075	-15740.28967	
1051.443986	1	5	0.00315353127	0.9968464687	Liquid+Fcc+Fcc	-37166.817142	-15735.04795	-1584.536462	0.00315353127	0.17	0.03	0.8	0.8217213678	-62007.44008	0.08428847432	0.05288909094	0.8628224347	Fcc+Fcc	30.72908502	-15735.04795	
1048.883986	1	5	0.002602472268	0.9973975277	Liquid+Fcc+Fcc	-37244.872514	-15730.72912	-1662.591834	0.002602472268	0.17	0.03	0.8	0.8252565283	-62168.37709	0.08428847432	0.05288909094	0.8628224347	Fcc+Fcc	30.71682237	-15730.72912	
1046.323986	1	5	0.002161939156	0.9978380608	Liquid+Fcc+Fcc	-37323.754036	-15727.28073	-1741.473356	0.002161939156	0.17	0.03	0.8	0.8307251463	-62331.78758	0.08428847432	0.05288909094	0.8628224347	Fcc+Fcc	30.7051948	-15727.28073	
1043.763986	1	5	0.001810097613	0.9981899024	Liquid+Fcc+Fcc	-37403.338074	-15724.57902	-1821.057394	0.001810097613	0.17	0.03	0.8	0.8372565013	-62494.7196	0.08428847432	0.05288909094	0.8628224347	Fcc+Fcc	30.69411275	-15724.57902	
1041.203986	1	5	0.001528127665	0.9984718723	Liquid+Fcc+Fcc	-37483.48332	-15722.48243	-1901.20264	0.001528127665	0.17	0.03	0.8	0.8442238993	-62655.21153	0.08428847432	0.05288909094	0.8628224347	Fcc+Fcc	30.68359851	-15722.48243	
1038.643986	1	5	0.001300765695	0.9986992343	Liquid+Fcc+Fcc	-37564.059538	-15720.86052	-1981.778858	0.001300765695	0.17	0.03	0.8	0.8512153302	-62812.07349	0.08428847432	0.05288909094	0.8628224347	Fcc+Fcc	30.67356972	-15720.86052	
1036.083986	1	5	0.001116031837	0.9988839682	Liquid+Fcc+Fcc	-37644.958295	-15719.60465	-2062.677615	0.001116031837	0.17	0.03	0.8	0.8579806811	-62964.67475	0.08428847432	0.05288909094	0.8628224347	Fcc+Fcc	30.66401334	-15719.60465	
1033.523986	1	5	0.0009646774223	0.9990353226	Liquid+Fcc+Fcc	-37726.093977	-15718.62895	-2143.813297	0.0009646774223	0.17	0.03	0.8	0.8643816333	-63112.76964	0.08428847432	0.05288909094	0.8628224347	Fcc+Fcc	30.65492115	-15718.62895	
1030.963986	1	5	0	1	Fcc+Fcc	-37815.725798	-15726.19233	-2233.445118	0	0.17	0.03	0.8		-60998.01031	0.08428847432	0.05288909094	0.8628224347	Fcc+Fcc	30.67282752	-15726.19233	
