time 1e-08 857 0.00678343
1time 2e-08 857 0.00674642
1time 3e-08 857 0.00681573
1time 4e-08 857 0.00691153
1time 5e-08 857 0.00701911
1time 6e-08 857 0.00713227
1time 7e-08 857 0.007248
1time 8e-08 857 0.00736464
1time 9e-08 857 0.00748111
1time 1e-07 857 0.00759658
1time 1.1e-07 857 0.00771038
1time 1.2e-07 857 0.00782201
1time 1.3e-07 857 0.0079311
1time 1.4e-07 857 0.00803743
1time 1.5e-07 857 0.00814089
1time 1.6e-07 857 0.00824145
1time 1.7e-07 857 0.00833915
1time 1.8e-07 857 0.00843406
1time 1.9e-07 857 0.00852629
1time 2e-07 857 0.00861568
1time 2.1e-07 857 0.0087027
1time 2.2e-07 857 0.00878749
1time 2.3e-07 857 0.00887016
1time 2.4e-07 857 0.00895085
1time 2.5e-07 857 0.00902969
1time 2.6e-07 857 0.0091068
1time 2.7e-07 857 0.00918229
1time 2.8e-07 857 0.00925627
1time 2.9e-07 857 0.00932884
1time 3e-07 857 0.00940009
1time 3.1e-07 857 0.00947011
1time 3.2e-07 857 0.00953897
1time 3.3e-07 857 0.00960674
1time 3.4e-07 857 0.00967349
1time 3.5e-07 857 0.00973929
1time 3.6e-07 857 0.00980395
1time 3.7e-07 857 0.00986778
1time 3.8e-07 857 0.00993084
1time 3.9e-07 857 0.00999316
1time 4e-07 857 0.0100548
1time 4.1e-07 857 0.0101157
1time 4.2e-07 857 0.010176
1time 4.3e-07 857 0.0102357
1time 4.4e-07 857 0.0102947
1time 4.5e-07 857 0.0103533
1time 4.6e-07 857 0.0104113
1time 4.7e-07 857 0.0104688
1time 4.8e-07 857 0.0105258
1time 4.9e-07 857 0.0105823
1time 5e-07 857 0.0106384
1time 5.1e-07 857 0.010694
1time 5.2e-07 857 0.0107492
1time 5.3e-07 857 0.0108039
1time 5.4e-07 857 0.0108581
1time 5.5e-07 857 0.0109121
1time 5.6e-07 857 0.0109657
1time 5.7e-07 857 0.0110189
1time 5.8e-07 857 0.0110719
1time 5.9e-07 857 0.0111245
1time 6e-07 857 0.0111769
1time 6.1e-07 857 0.0112289
1time 6.2e-07 857 0.0112807
1time 6.3e-07 857 0.0113322
1time 6.4e-07 857 0.0113834
1time 6.5e-07 857 0.0114344
1time 6.6e-07 857 0.0114852
1time 6.7e-07 857 0.0115357
1time 6.8e-07 857 0.0115859
1time 6.9e-07 857 0.0116358
1time 7e-07 857 0.0116854
1time 7.1e-07 857 0.0117348
1time 7.2e-07 857 0.0117841
1time 7.3e-07 857 0.0118331
1time 7.4e-07 857 0.011882
1time 7.5e-07 857 0.0119307
1time 7.6e-07 857 0.0119791
1time 7.7e-07 857 0.0120275
1time 7.8e-07 857 0.0120756
1time 7.9e-07 857 0.0121235
1time 8e-07 857 0.0121713
1time 8.1e-07 857 0.0122189
1time 8.2e-07 857 0.0122664
1time 8.3e-07 857 0.0123136
1time 8.4e-07 857 0.0123607
1time 8.5e-07 857 0.0124077
1time 8.6e-07 857 0.0124543
1time 8.7e-07 857 0.0125007
1time 8.8e-07 857 0.0125471
1time 8.9e-07 857 0.0125933
1time 9e-07 857 0.0126393
1time 9.1e-07 857 0.0126852
1time 9.2e-07 857 0.0127309
1time 9.3e-07 857 0.0127765
1time 9.4e-07 857 0.012822
1time 9.5e-07 857 0.0128673
1time 9.6e-07 857 0.0129125
1time 9.7e-07 857 0.0129575
1time 9.8e-07 857 0.0130024
1time 9.9e-07 857 0.0130471
1time 1e-06 857 0.0130917
1time 1.01e-06 857 0.0131362
1time 1.02e-06 857 0.0131803
1time 1.03e-06 857 0.0132243
1time 1.04e-06 857 0.0132682
1time 1.05e-06 857 0.0133119
1time 1.06e-06 857 0.0133555
1time 1.07e-06 857 0.013399
1time 1.08e-06 857 0.0134424
1time 1.09e-06 857 0.0134856
1time 1.1e-06 857 0.0135287
1time 1.11e-06 857 0.0135716
1time 1.12e-06 857 0.0136145
1time 1.13e-06 857 0.0136572
1time 1.14e-06 857 0.0136997
1time 1.15e-06 857 0.0137422
1time 1.16e-06 857 0.0137845
1time 1.17e-06 857 0.0138267
1time 1.18e-06 857 0.0138688
1time 1.19e-06 857 0.013912
1time 1.2e-06 857 0.0139549
1time 1.21e-06 857 0.0139977
1time 1.22e-06 857 0.0140402
1time 1.23e-06 857 0.0140826
1time 1.24e-06 857 0.0141248
1time 1.25e-06 857 0.0141668
1time 1.26e-06 857 0.0142087
1time 1.27e-06 857 0.0142504
1time 1.28e-06 857 0.0142921
1time 1.29e-06 857 0.0143336
1time 1.3e-06 857 0.0143749
1time 1.31e-06 857 0.0144162
1time 1.32e-06 857 0.0144573
1time 1.33e-06 857 0.0144984
1time 1.34e-06 857 0.0145393
1time 1.35e-06 857 0.01458
1time 1.36e-06 857 0.0146206
1time 1.37e-06 857 0.0146611
1time 1.38e-06 857 0.0147015
1time 1.39e-06 857 0.0147419
1time 1.4e-06 857 0.0147822
1time 1.41e-06 857 0.0148224
1time 1.42e-06 857 0.0148625
1time 1.43e-06 857 0.0149026
1time 1.44e-06 857 0.0149425
1time 1.45e-06 857 0.0149825
1time 1.46e-06 857 0.0150223
1time 1.47e-06 857 0.0150621
1time 1.48e-06 857 0.0151018
1time 1.49e-06 857 0.0151414
1time 1.5e-06 857 0.015181
1time 1.51e-06 857 0.0152205
1time 1.52e-06 857 0.0152597
1time 1.53e-06 857 0.0152989
1time 1.54e-06 857 0.0153381
1time 1.55e-06 857 0.0153771
1time 1.56e-06 857 0.0154162
1time 1.57e-06 857 0.0154551
1time 1.58e-06 857 0.015494
1time 1.59e-06 857 0.0155329
1time 1.6e-06 857 0.0155717
1time 1.61e-06 857 0.0156104
1time 1.62e-06 857 0.015649
1time 1.63e-06 857 0.0156876
1time 1.64e-06 857 0.0157261
1time 1.65e-06 857 0.0157646
1time 1.66e-06 857 0.0158029
1time 1.67e-06 857 0.0158412
1time 1.68e-06 857 0.0158793
1time 1.69e-06 857 0.0159173
1time 1.7e-06 857 0.0159552
1time 1.71e-06 857 0.0159931
1time 1.72e-06 857 0.016031
1time 1.73e-06 857 0.0160687
1time 1.74e-06 857 0.0161064
1time 1.75e-06 857 0.016144
1time 1.76e-06 857 0.0161816
1time 1.77e-06 857 0.0162191
1time 1.78e-06 857 0.0162565
1time 1.79e-06 857 0.0162938
1time 1.8e-06 857 0.0163311
1time 1.81e-06 857 0.0163683
1time 1.82e-06 857 0.0164055
1time 1.83e-06 857 0.0164425
1time 1.84e-06 857 0.0164793
1time 1.85e-06 857 0.0165161
1time 1.86e-06 857 0.0165528
1time 1.87e-06 857 0.0165894
1time 1.88e-06 857 0.016626
1time 1.89e-06 857 0.0166625
1time 1.9e-06 857 0.016699
1time 1.91e-06 857 0.0167354
1time 1.92e-06 857 0.0167717
1time 1.93e-06 857 0.016808
1time 1.94e-06 857 0.0168442
1time 1.95e-06 857 0.0168803
1time 1.96e-06 857 0.0169164
1time 1.97e-06 857 0.0169524
1time 1.98e-06 857 0.0169884
1time 1.99e-06 857 0.0170243
1time 2e-06 857 0.0170601
1time 2.01e-06 857 0.0170957
1time 2.02e-06 857 0.0171312
1time 2.03e-06 857 0.0171667
1time 2.04e-06 857 0.0172022
1time 2.05e-06 857 0.0172376
1time 2.06e-06 857 0.0172729
1time 2.07e-06 857 0.0173082
1time 2.08e-06 857 0.0173435
1time 2.09e-06 857 0.0173787
1time 2.1e-06 857 0.0174139
1time 2.11e-06 857 0.017449
1time 2.12e-06 857 0.0174841
1time 2.13e-06 857 0.0175191
1time 2.14e-06 857 0.017554
1time 2.15e-06 857 0.017589
1time 2.16e-06 857 0.0176238
1time 2.17e-06 857 0.0176585
1time 2.18e-06 857 0.0176931
1time 2.19e-06 857 0.0177277
1time 2.2e-06 857 0.0177623
1time 2.21e-06 857 0.0177968
1time 2.22e-06 857 0.0178313
1time 2.23e-06 857 0.0178657
1time 2.24e-06 857 0.0179001
1time 2.25e-06 857 0.0179345
1time 2.26e-06 857 0.0179688
1time 2.27e-06 857 0.0180031
1time 2.28e-06 857 0.0180374
1time 2.29e-06 857 0.0180716
1time 2.3e-06 857 0.0181058
1time 2.31e-06 857 0.01814
1time 2.32e-06 857 0.0181741
1time 2.33e-06 857 0.018208
1time 2.34e-06 857 0.0182419
1time 2.35e-06 857 0.0182757
1time 2.36e-06 857 0.0183095
1time 2.37e-06 857 0.0183433
1time 2.38e-06 857 0.0183771
1time 2.39e-06 857 0.0184108
1time 2.4e-06 857 0.0184446
1time 2.41e-06 857 0.0184782
1time 2.42e-06 857 0.0185119
1time 2.43e-06 857 0.0185455
1time 2.44e-06 857 0.018579
1time 2.45e-06 857 0.0186126
1time 2.46e-06 857 0.0186461
1time 2.47e-06 857 0.0186795
1time 2.48e-06 857 0.018713
1time 2.49e-06 857 0.0187476
1time 2.5e-06 857 0.018782
1time 2.51e-06 857 0.0188164
1time 2.52e-06 857 0.0188506
1time 2.53e-06 857 0.0188847
1time 2.54e-06 857 0.0189187
1time 2.55e-06 857 0.0189527
1time 2.56e-06 857 0.0189866
1time 2.57e-06 857 0.0190204
1time 2.58e-06 857 0.0190542
1time 2.59e-06 857 0.0190879
1time 2.6e-06 857 0.0191215
1time 2.61e-06 857 0.0191551
1time 2.62e-06 857 0.0191886
1time 2.63e-06 857 0.0192221
1time 2.64e-06 857 0.0192555
1time 2.65e-06 857 0.0192887
1time 2.66e-06 857 0.0193219
1time 2.67e-06 857 0.019355
1time 2.68e-06 857 0.0193881
1time 2.69e-06 857 0.0194212
1time 2.7e-06 857 0.0194542
1time 2.71e-06 857 0.0194873
1time 2.72e-06 857 0.0195202
1time 2.73e-06 857 0.0195532
1time 2.74e-06 857 0.0195861
1time 2.75e-06 857 0.0196189
1time 2.76e-06 857 0.0196518
1time 2.77e-06 857 0.0196846
1time 2.78e-06 857 0.0197174
1time 2.79e-06 857 0.0197501
1time 2.8e-06 857 0.0197828
1time 2.81e-06 857 0.0198155
1time 2.82e-06 857 0.0198479
1time 2.83e-06 857 0.0198804
1time 2.84e-06 857 0.0199128
1time 2.85e-06 857 0.0199452
1time 2.86e-06 857 0.0199776
1time 2.87e-06 857 0.0200099
1time 2.88e-06 857 0.0200422
1time 2.89e-06 857 0.0200745
1time 2.9e-06 857 0.0201068
1time 2.91e-06 857 0.020139
1time 2.92e-06 857 0.0201712
1time 2.93e-06 857 0.0202034
1time 2.94e-06 857 0.0202355
1time 2.95e-06 857 0.0202677
1time 2.96e-06 857 0.0202997
1time 2.97e-06 857 0.0203318
1time 2.98e-06 857 0.0203636
1time 2.99e-06 857 0.0203955
1time 3e-06 857 0.0204273
1time 3.01e-06 857 0.0204591
1time 3.02e-06 857 0.0204908
1time 3.03e-06 857 0.0205226
1time 3.04e-06 857 0.0205543
1time 3.05e-06 857 0.0205859
1time 3.06e-06 857 0.0206176
1time 3.07e-06 857 0.0206492
1time 3.08e-06 857 0.0206808
1time 3.09e-06 857 0.0207124
1time 3.1e-06 857 0.0207439
1time 3.11e-06 857 0.0207754
1time 3.12e-06 857 0.0208068
1time 3.13e-06 857 0.0208383
1time 3.14e-06 857 0.0208697
1time 3.15e-06 857 0.0209009
1time 3.16e-06 857 0.020932
1time 3.17e-06 857 0.0209632
1time 3.18e-06 857 0.0209943
1time 3.19e-06 857 0.0210254
1time 3.2e-06 857 0.0210565
1time 3.21e-06 857 0.0210875
1time 3.22e-06 857 0.0211185
1time 3.23e-06 857 0.0211495
1time 3.24e-06 857 0.0211805
1time 3.25e-06 857 0.0212114
1time 3.26e-06 857 0.0212423
1time 3.27e-06 857 0.0212732
1time 3.28e-06 857 0.021304
1time 3.29e-06 857 0.0213347
1time 3.3e-06 857 0.0213653
1time 3.31e-06 857 0.0213959
1time 3.32e-06 857 0.0214265
1time 3.33e-06 857 0.021457
1time 3.34e-06 857 0.0214876
1time 3.35e-06 857 0.0215181
1time 3.36e-06 857 0.0215486
1time 3.37e-06 857 0.021579
1time 3.38e-06 857 0.0216095
1time 3.39e-06 857 0.0216399
1time 3.4e-06 857 0.0216703
1time 3.41e-06 857 0.0217006
1time 3.42e-06 857 0.021731
1time 3.43e-06 857 0.0217613
1time 3.44e-06 857 0.0217914
1time 3.45e-06 857 0.0218215
1time 3.46e-06 857 0.0218516
1time 3.47e-06 857 0.0218817
1time 3.48e-06 857 0.0219117
1time 3.49e-06 857 0.0219418
1time 3.5e-06 857 0.0219718
1time 3.51e-06 857 0.0220018
1time 3.52e-06 857 0.0220318
1time 3.53e-06 857 0.0220617
1time 3.54e-06 857 0.0220917
1time 3.55e-06 857 0.0221216
1time 3.56e-06 857 0.0221515
1time 3.57e-06 857 0.0221814
1time 3.58e-06 857 0.0222111
1time 3.59e-06 857 0.0222408
1time 3.6e-06 857 0.0222705
1time 3.61e-06 857 0.0223001
1time 3.62e-06 857 0.0223298
1time 3.63e-06 857 0.0223595
1time 3.64e-06 857 0.0223891
1time 3.65e-06 857 0.0224187
1time 3.66e-06 857 0.0224483
1time 3.67e-06 857 0.0224779
1time 3.68e-06 857 0.0225075
1time 3.69e-06 857 0.0225371
1time 3.7e-06 857 0.0225667
1time 3.71e-06 857 0.0225962
1time 3.72e-06 857 0.0226258
1time 3.73e-06 857 0.0226565
1time 3.74e-06 857 0.0226871
1time 3.75e-06 857 0.0227176
1time 3.76e-06 857 0.022748
1time 3.77e-06 857 0.0227784
1time 3.78e-06 857 0.0228086
1time 3.79e-06 857 0.0228389
1time 3.8e-06 857 0.0228691
1time 3.81e-06 857 0.0228992
1time 3.82e-06 857 0.0229293
1time 3.83e-06 857 0.0229594
1time 3.84e-06 857 0.0229894
1time 3.85e-06 857 0.0230194
1time 3.86e-06 857 0.0230493
1time 3.87e-06 857 0.0230792
1time 3.88e-06 857 0.0231091
1time 3.89e-06 857 0.0231388
1time 3.9e-06 857 0.0231685
1time 3.91e-06 857 0.0231982
1time 3.92e-06 857 0.0232278
1time 3.93e-06 857 0.0232575
1time 3.94e-06 857 0.0232871
1time 3.95e-06 857 0.0233167
1time 3.96e-06 857 0.0233463
1time 3.97e-06 857 0.0233758
1time 3.98e-06 857 0.0234054
1time 3.99e-06 857 0.0234349
1time 4e-06 857 0.0234645
1time 4.01e-06 857 0.023494
1time 4.02e-06 857 0.0235234
1time 4.03e-06 857 0.0235529
1time 4.04e-06 857 0.0235824
1time 4.05e-06 857 0.0236116
1time 4.06e-06 857 0.0236409
1time 4.07e-06 857 0.0236701
1time 4.08e-06 857 0.0236993
1time 4.09e-06 857 0.0237285
1time 4.1e-06 857 0.0237578
1time 4.11e-06 857 0.0237869
1time 4.12e-06 857 0.0238161
1time 4.13e-06 857 0.0238453
1time 4.14e-06 857 0.0238744
1time 4.15e-06 857 0.0239036
1time 4.16e-06 857 0.0239327
1time 4.17e-06 857 0.0239618
1time 4.18e-06 857 0.0239908
1time 4.19e-06 857 0.0240199
1time 4.2e-06 857 0.0240489
1time 4.21e-06 857 0.0240778
1time 4.22e-06 857 0.0241066
1time 4.23e-06 857 0.0241354
1time 4.24e-06 857 0.0241642
1time 4.25e-06 857 0.024193
1time 4.26e-06 857 0.0242218
1time 4.27e-06 857 0.0242506
1time 4.28e-06 857 0.0242793
1time 4.29e-06 857 0.024308
1time 4.3e-06 857 0.0243367
1time 4.31e-06 857 0.0243654
1time 4.32e-06 857 0.0243941
1time 4.33e-06 857 0.0244228
1time 4.34e-06 857 0.0244514
1time 4.35e-06 857 0.02448
1time 4.36e-06 857 0.0245086
1time 4.37e-06 857 0.024537
1time 4.38e-06 857 0.0245654
1time 4.39e-06 857 0.0245937
1time 4.4e-06 857 0.0246221
1time 4.41e-06 857 0.0246504
1time 4.42e-06 857 0.0246788
1time 4.43e-06 857 0.0247071
1time 4.44e-06 857 0.0247354
1time 4.45e-06 857 0.0247637
1time 4.46e-06 857 0.0247919
1time 4.47e-06 857 0.0248202
1time 4.48e-06 857 0.0248484
1time 4.49e-06 857 0.0248766
1time 4.5e-06 857 0.0249048
1time 4.51e-06 857 0.024933
1time 4.52e-06 857 0.0249611
1time 4.53e-06 857 0.0249891
1time 4.54e-06 857 0.0250171
1time 4.55e-06 857 0.025045
1time 4.56e-06 857 0.0250729
1time 4.57e-06 857 0.0251009
1time 4.58e-06 857 0.0251288
1time 4.59e-06 857 0.0251567
1time 4.6e-06 857 0.0251846
1time 4.61e-06 857 0.0252124
1time 4.62e-06 857 0.0252403
1time 4.63e-06 857 0.0252682
1time 4.64e-06 857 0.025296
1time 4.65e-06 857 0.0253238
1time 4.66e-06 857 0.0253516
1time 4.67e-06 857 0.0253794
1time 4.68e-06 857 0.025407
1time 4.69e-06 857 0.0254346
1time 4.7e-06 857 0.0254622
1time 4.71e-06 857 0.0254898
1time 4.72e-06 857 0.0255173
1time 4.73e-06 857 0.0255449
1time 4.74e-06 857 0.0255725
1time 4.75e-06 857 0.0256
1time 4.76e-06 857 0.0256276
1time 4.77e-06 857 0.0256551
1time 4.78e-06 857 0.0256827
1time 4.79e-06 857 0.0257102
1time 4.8e-06 857 0.0257377
1time 4.81e-06 857 0.0257652
1time 4.82e-06 857 0.0257926
1time 4.83e-06 857 0.0258199
1time 4.84e-06 857 0.0258472
1time 4.85e-06 857 0.0258745
1time 4.86e-06 857 0.0259018
1time 4.87e-06 857 0.0259291
1time 4.88e-06 857 0.0259564
1time 4.89e-06 857 0.0259837
1time 4.9e-06 857 0.026011
1time 4.91e-06 857 0.0260383
1time 4.92e-06 857 0.0260655
1time 4.93e-06 857 0.0260928
1time 4.94e-06 857 0.02612
1time 4.95e-06 857 0.0261473
1time 4.96e-06 857 0.0261745
1time 4.97e-06 857 0.0262017
1time 4.98e-06 857 0.0262289
1time 4.99e-06 857 0.0262573
1time 5e-06 857 0.0262856
1time 5.01e-06 857 0.0263137
1time 5.02e-06 857 0.0263418
1time 5.03e-06 857 0.0263699
1time 5.04e-06 857 0.0263979
1time 5.05e-06 857 0.0264258
1time 5.06e-06 857 0.0264537
1time 5.07e-06 857 0.0264815
1time 5.08e-06 857 0.0265093
1time 5.09e-06 857 0.0265371
1time 5.1e-06 857 0.0265648
1time 5.11e-06 857 0.0265925
1time 5.12e-06 857 0.0266202
1time 5.13e-06 857 0.0266478
1time 5.14e-06 857 0.0266754
1time 5.15e-06 857 0.0267029
1time 5.16e-06 857 0.0267303
1time 5.17e-06 857 0.0267577
1time 5.18e-06 857 0.026785
1time 5.19e-06 857 0.0268124
1time 5.2e-06 857 0.0268398
1time 5.21e-06 857 0.0268671
1time 5.22e-06 857 0.0268944
1time 5.23e-06 857 0.0269218
1time 5.24e-06 857 0.0269491
1time 5.25e-06 857 0.0269763
1time 5.26e-06 857 0.0270036
1time 5.27e-06 857 0.0270309
1time 5.28e-06 857 0.0270581
1time 5.29e-06 857 0.0270853
1time 5.3e-06 857 0.0271126
1time 5.31e-06 857 0.0271396
1time 5.32e-06 857 0.0271666
1time 5.33e-06 857 0.0271936
1time 5.34e-06 857 0.0272207
1time 5.35e-06 857 0.0272477
1time 5.36e-06 857 0.0272747
1time 5.37e-06 857 0.0273017
1time 5.38e-06 857 0.0273287
1time 5.39e-06 857 0.0273557
1time 5.4e-06 857 0.0273827
1time 5.41e-06 857 0.0274096
1time 5.42e-06 857 0.0274366
1time 5.43e-06 857 0.0274636
1time 5.44e-06 857 0.0274905
1time 5.45e-06 857 0.0275174
1time 5.46e-06 857 0.0275443
1time 5.47e-06 857 0.0275711
1time 5.48e-06 857 0.0275978
1time 5.49e-06 857 0.0276246
1time 5.5e-06 857 0.0276513
1time 5.51e-06 857 0.027678
1time 5.52e-06 857 0.0277048
1time 5.53e-06 857 0.0277315
1time 5.54e-06 857 0.0277582
1time 5.55e-06 857 0.027785
1time 5.56e-06 857 0.0278117
1time 5.57e-06 857 0.0278384
1time 5.58e-06 857 0.0278651
1time 5.59e-06 857 0.0278918
1time 5.6e-06 857 0.0279184
1time 5.61e-06 857 0.0279451
1time 5.62e-06 857 0.0279718
1time 5.63e-06 857 0.0279983
1time 5.64e-06 857 0.0280248
1time 5.65e-06 857 0.0280513
1time 5.66e-06 857 0.0280777
1time 5.67e-06 857 0.0281042
1time 5.68e-06 857 0.0281307
1time 5.69e-06 857 0.0281572
1time 5.7e-06 857 0.0281837
1time 5.71e-06 857 0.0282102
1time 5.72e-06 857 0.0282367
1time 5.73e-06 857 0.0282631
1time 5.74e-06 857 0.0282896
1time 5.75e-06 857 0.028316
1time 5.76e-06 857 0.0283425
1time 5.77e-06 857 0.0283689
1time 5.78e-06 857 0.0283952
1time 5.79e-06 857 0.0284215
1time 5.8e-06 857 0.0284477
1time 5.81e-06 857 0.028474
1time 5.82e-06 857 0.0285003
1time 5.83e-06 857 0.0285266
1time 5.84e-06 857 0.0285528
1time 5.85e-06 857 0.0285791
1time 5.86e-06 857 0.0286054
1time 5.87e-06 857 0.0286316
1time 5.88e-06 857 0.0286579
1time 5.89e-06 857 0.0286841
1time 5.9e-06 857 0.0287104
1time 5.91e-06 857 0.0287366
1time 5.92e-06 857 0.0287628
1time 5.93e-06 857 0.028789
1time 5.94e-06 857 0.0288151
1time 5.95e-06 857 0.0288411
1time 5.96e-06 857 0.0288672
1time 5.97e-06 857 0.0288932
1time 5.98e-06 857 0.0289193
1time 5.99e-06 857 0.0289453
1time 6e-06 857 0.0289714
1time 6.01e-06 857 0.0289974
1time 6.02e-06 857 0.0290235
1time 6.03e-06 857 0.0290495
1time 6.04e-06 857 0.0290755
1time 6.05e-06 857 0.0291015
1time 6.06e-06 857 0.0291276
1time 6.07e-06 857 0.0291536
1time 6.08e-06 857 0.0291796
1time 6.09e-06 857 0.0292067
1time 6.1e-06 857 0.0292337
1time 6.11e-06 857 0.0292607
1time 6.12e-06 857 0.0292876
1time 6.13e-06 857 0.0293144
1time 6.14e-06 857 0.0293411
1time 6.15e-06 857 0.0293679
1time 6.16e-06 857 0.0293945
1time 6.17e-06 857 0.0294211
1time 6.18e-06 857 0.0294477
1time 6.19e-06 857 0.0294743
1time 6.2e-06 857 0.0295008
1time 6.21e-06 857 0.0295272
1time 6.22e-06 857 0.0295537
1time 6.23e-06 857 0.0295801
1time 6.24e-06 857 0.0296065
1time 6.25e-06 857 0.0296327
1time 6.26e-06 857 0.0296589
1time 6.27e-06 857 0.029685
1time 6.28e-06 857 0.0297112
1time 6.29e-06 857 0.0297373
1time 6.3e-06 857 0.0297634
1time 6.31e-06 857 0.0297895
1time 6.32e-06 857 0.0298156
1time 6.33e-06 857 0.0298417
1time 6.34e-06 857 0.0298677
1time 6.35e-06 857 0.0298938
1time 6.36e-06 857 0.0299198
1time 6.37e-06 857 0.0299458
1time 6.38e-06 857 0.0299718
1time 6.39e-06 857 0.0299978
1time 6.4e-06 857 0.0300237
1time 6.41e-06 857 0.0300495
1time 6.42e-06 857 0.0300753
1time 6.43e-06 857 0.0301011
1time 6.44e-06 857 0.0301268
1time 6.45e-06 857 0.0301526
1time 6.46e-06 857 0.0301783
1time 6.47e-06 857 0.0302041
1time 6.48e-06 857 0.0302298
1time 6.49e-06 857 0.0302555
1time 6.5e-06 857 0.0302812
1time 6.51e-06 857 0.0303069
1time 6.52e-06 857 0.0303326
1time 6.53e-06 857 0.0303583
1time 6.54e-06 857 0.030384
1time 6.55e-06 857 0.0304096
1time 6.56e-06 857 0.0304353
1time 6.57e-06 857 0.0304607
1time 6.58e-06 857 0.0304862
1time 6.59e-06 857 0.0305117
1time 6.6e-06 857 0.0305372
1time 6.61e-06 857 0.0305626
1time 6.62e-06 857 0.0305881
1time 6.63e-06 857 0.0306136
1time 6.64e-06 857 0.030639
1time 6.65e-06 857 0.0306645
1time 6.66e-06 857 0.0306899
1time 6.67e-06 857 0.0307153
1time 6.68e-06 857 0.0307408
1time 6.69e-06 857 0.0307662
1time 6.7e-06 857 0.0307916
1time 6.71e-06 857 0.030817
1time 6.72e-06 857 0.0308424
1time 6.73e-06 857 0.0308676
1time 6.74e-06 857 0.0308929
1time 6.75e-06 857 0.0309181
1time 6.76e-06 857 0.0309434
1time 6.77e-06 857 0.0309686
1time 6.78e-06 857 0.0309938
1time 6.79e-06 857 0.0310191
1time 6.8e-06 857 0.0310443
1time 6.81e-06 857 0.0310696
1time 6.82e-06 857 0.0310948
1time 6.83e-06 857 0.03112
1time 6.84e-06 857 0.0311452
1time 6.85e-06 857 0.0311705
1time 6.86e-06 857 0.0311957
1time 6.87e-06 857 0.0312209
1time 6.88e-06 857 0.0312461
1time 6.89e-06 857 0.0312712
1time 6.9e-06 857 0.0312962
1time 6.91e-06 857 0.0313213
1time 6.92e-06 857 0.0313463
1time 6.93e-06 857 0.0313714
1time 6.94e-06 857 0.0313965
1time 6.95e-06 857 0.0314216
1time 6.96e-06 857 0.0314466
1time 6.97e-06 857 0.0314717
1time 6.98e-06 857 0.0314968
1time 6.99e-06 857 0.0315219
1time 7e-06 857 0.0315469
1time 7.01e-06 857 0.031572
1time 7.02e-06 857 0.0315971
1time 7.03e-06 857 0.0316222
1time 7.04e-06 857 0.0316472
1time 7.05e-06 857 0.0316721
1time 7.06e-06 857 0.0316971
1time 7.07e-06 857 0.031722
1time 7.08e-06 857 0.0317469
1time 7.09e-06 857 0.0317719
1time 7.1e-06 857 0.0317968
1time 7.11e-06 857 0.0318217
1time 7.12e-06 857 0.0318467
1time 7.13e-06 857 0.0318717
1time 7.14e-06 857 0.0318966
1time 7.15e-06 857 0.0319216
1time 7.16e-06 857 0.0319465
1time 7.17e-06 857 0.0319715
1time 7.18e-06 857 0.0319964
1time 7.19e-06 857 0.0320214
1time 7.2e-06 857 0.0320464
1time 7.21e-06 857 0.0320712
1time 7.22e-06 857 0.032096
1time 7.23e-06 857 0.0321208
1time 7.24e-06 857 0.0321456
1time 7.25e-06 857 0.0321704
1time 7.26e-06 857 0.0321953
1time 7.27e-06 857 0.0322201
1time 7.28e-06 857 0.0322449
1time 7.29e-06 857 0.0322698
1time 7.3e-06 857 0.0322946
1time 7.31e-06 857 0.0323195
1time 7.32e-06 857 0.0323443
1time 7.33e-06 857 0.0323692
1time 7.34e-06 857 0.032394
1time 7.35e-06 857 0.0324189
1time 7.36e-06 857 0.0324437
1time 7.37e-06 857 0.0324686
1time 7.38e-06 857 0.0324945
1time 7.39e-06 857 0.0325204
1time 7.4e-06 857 0.0325463
1time 7.41e-06 857 0.032572
1time 7.42e-06 857 0.0325977
1time 7.43e-06 857 0.0326234
1time 7.44e-06 857 0.032649
1time 7.45e-06 857 0.0326745
1time 7.46e-06 857 0.0327001
1time 7.47e-06 857 0.0327256
1time 7.48e-06 857 0.032751
1time 7.49e-06 857 0.0327765
1time 7.5e-06 857 0.0328019
1time 7.51e-06 857 0.0328273
1time 7.52e-06 857 0.0328527
1time 7.53e-06 857 0.0328779
1time 7.54e-06 857 0.032903
1time 7.55e-06 857 0.0329282
1time 7.56e-06 857 0.0329534
1time 7.57e-06 857 0.0329785
1time 7.58e-06 857 0.0330037
1time 7.59e-06 857 0.0330288
1time 7.6e-06 857 0.0330539
1time 7.61e-06 857 0.033079
1time 7.62e-06 857 0.0331041
1time 7.63e-06 857 0.0331292
1time 7.64e-06 857 0.0331543
1time 7.65e-06 857 0.0331794
1time 7.66e-06 857 0.0332045
1time 7.67e-06 857 0.0332295
1time 7.68e-06 857 0.0332546
1time 7.69e-06 857 0.0332795
1time 7.7e-06 857 0.0333043
1time 7.71e-06 857 0.0333292
1time 7.72e-06 857 0.0333541
1time 7.73e-06 857 0.033379
1time 7.74e-06 857 0.0334038
1time 7.75e-06 857 0.0334287
1time 7.76e-06 857 0.0334536
1time 7.77e-06 857 0.0334784
1time 7.78e-06 857 0.0335033
1time 7.79e-06 857 0.0335281
1time 7.8e-06 857 0.033553
1time 7.81e-06 857 0.0335778
1time 7.82e-06 857 0.0336026
1time 7.83e-06 857 0.0336275
1time 7.84e-06 857 0.0336523
1time 7.85e-06 857 0.0336769
1time 7.86e-06 857 0.0337016
1time 7.87e-06 857 0.0337262
1time 7.88e-06 857 0.0337509
1time 7.89e-06 857 0.0337755
1time 7.9e-06 857 0.0338002
1time 7.91e-06 857 0.0338248
1time 7.92e-06 857 0.0338494
1time 7.93e-06 857 0.0338741
1time 7.94e-06 857 0.0338987
1time 7.95e-06 857 0.0339233
1time 7.96e-06 857 0.033948
1time 7.97e-06 857 0.0339726
1time 7.98e-06 857 0.0339972
1time 7.99e-06 857 0.0340218
1time 8e-06 857 0.0340464
1time 8.01e-06 857 0.0340708
1time 8.02e-06 857 0.0340953
1time 8.03e-06 857 0.0341197
1time 8.04e-06 857 0.0341442
1time 8.05e-06 857 0.0341686
1time 8.06e-06 857 0.034193
1time 8.07e-06 857 0.0342175
1time 8.08e-06 857 0.0342419
1time 8.09e-06 857 0.0342664
1time 8.1e-06 857 0.0342908
1time 8.11e-06 857 0.0343152
1time 8.12e-06 857 0.0343397
1time 8.13e-06 857 0.0343641
1time 8.14e-06 857 0.0343885
1time 8.15e-06 857 0.0344129
1time 8.16e-06 857 0.0344373
1time 8.17e-06 857 0.0344616
1time 8.18e-06 857 0.0344858
1time 8.19e-06 857 0.0345101
1time 8.2e-06 857 0.0345343
1time 8.21e-06 857 0.0345586
1time 8.22e-06 857 0.0345829
1time 8.23e-06 857 0.0346071
1time 8.24e-06 857 0.0346314
1time 8.25e-06 857 0.0346557
1time 8.26e-06 857 0.0346799
1time 8.27e-06 857 0.0347042
1time 8.28e-06 857 0.0347284
1time 8.29e-06 857 0.0347527
1time 8.3e-06 857 0.0347769
1time 8.31e-06 857 0.0348012
1time 8.32e-06 857 0.0348254
1time 8.33e-06 857 0.0348495
1time 8.34e-06 857 0.0348736
1time 8.35e-06 857 0.0348977
1time 8.36e-06 857 0.0349218
1time 8.37e-06 857 0.0349459
1time 8.38e-06 857 0.03497
1time 8.39e-06 857 0.0349941
1time 8.4e-06 857 0.0350183
1time 8.41e-06 857 0.0350424
1time 8.42e-06 857 0.0350665
1time 8.43e-06 857 0.0350906
1time 8.44e-06 857 0.0351147
1time 8.45e-06 857 0.0351388
1time 8.46e-06 857 0.0351629
1time 8.47e-06 857 0.0351871
1time 8.48e-06 857 0.0352112
1time 8.49e-06 857 0.0352351
1time 8.5e-06 857 0.0352591
1time 8.51e-06 857 0.035283
1time 8.52e-06 857 0.035307
1time 8.53e-06 857 0.035331
1time 8.54e-06 857 0.035355
1time 8.55e-06 857 0.035379
1time 8.56e-06 857 0.0354029
1time 8.57e-06 857 0.0354269