T,d2G_LIQUID_FCC_A1_ZN_Eut
547,26981.7398970331
548,27069.3317432800
549,27156.9235895268
550,27244.5154357737
551,27332.1072820206
552,27419.6991282674
553,27507.2909745143
554,27594.8828207611
555,27682.4746670080
556,27770.0665132549
557,27857.6583595017
558,27945.2502057486
559,28032.8420519954
560,28120.4338982423
561,28208.0257444892
562,28295.6175907360
563,28383.2094369829
564,28470.8012832298
565,28558.3931294766
566,28645.9849757235
567,28733.5768219703
568,28821.1686682172
569,28908.7605144641
570,28996.3523607109
571,29083.9442069578
572,29171.5360532046
573,29259.1278994515
574,29346.7197456984
575,29434.3115919452
576,29521.9034381921
577,29609.4952844389
578,29697.0871306858
579,29784.6789769327
580,29872.2708231795
581,29959.8626694264
582,30047.4545156733
583,30135.0463619201
584,30222.6382081670
585,30310.2300544138
586,30397.8219006607
587,30485.4137469076
588,30573.0055931544
589,30660.5974394013
590,30748.1892856481
591,30835.7811318950
592,30923.3729781419
593,31010.9648243887
594,31098.5566706356
595,31186.1485168825
596,31273.7403631293
597,31361.3322093762
598,31448.9240556230
599,31536.5159018699
600,31624.1077481168
601,31711.6995943636
602,31799.2914406105
603,31886.8832868573
604,31974.4751331042
605,32062.0669793511
606,32149.6588255979
607,32237.2506718448
608,32324.8425180917
609,32412.4343643385
610,32500.0262105854
611,32587.6180568322
612,32675.2099030791
613,32762.8017493260
614,32850.3935955728
615,32937.9854418197
616,33025.5772880665
617,33113.1691343134
618,33200.7609805603
619,33288.3528268071
620,33375.9446730540
621,33463.5365193008
622,33551.1283655477
623,33638.7202117946
624,33726.3120580414
625,33813.9039042883
626,33901.4957505352
627,33989.0875967820
628,34076.6794430289
629,34164.2712892757
630,34251.8631355226
631,34339.4549817695
632,34427.0468280163
633,34514.6386742632
634,34602.2305205100
635,34689.8223667569
636,34777.4142130038
637,34865.0060592506
638,34952.5979054975
639,35040.1897517444
640,35127.7815979912
641,35215.3734442381
642,35302.9652904849
643,35390.5571367318
644,35478.1489829787
645,35565.7408292255
646,35653.3326754724
647,35740.9245217192
648,35828.5163679661
649,35916.1082142130
650,36003.7000604598
651,36091.2919067067
652,36178.8837529535
653,36266.4755992004
654,36354.0674454473
