time 1e-08 1100 0.0729865
1time 2e-08 1100 0.0747899
1time 3e-08 1100 0.076771
1time 4e-08 1100 0.0781757
1time 5e-08 1100 0.0791796
1time 6e-08 1100 0.0799002
1time 7e-08 1100 0.0804175
1time 8e-08 1100 0.0807874
1time 9e-08 1100 0.0810493
1time 1e-07 1100 0.0812315
1time 1.1e-07 1100 0.0813545
1time 1.2e-07 1100 0.0814332
1time 1.3e-07 1100 0.0814786
1time 1.4e-07 1100 0.081499
1time 1.5e-07 1100 0.0815004
1time 1.6e-07 1100 0.0814876
1time 1.7e-07 1100 0.081464
1time 1.8e-07 1100 0.0814322
1time 1.9e-07 1100 0.0813942
1time 2e-07 1100 0.0813517
1time 2.1e-07 1100 0.0813057
1time 2.2e-07 1100 0.0812573
1time 2.3e-07 1100 0.0812072
1time 2.4e-07 1100 0.081156
1time 2.5e-07 1100 0.0811042
1time 2.6e-07 1100 0.0810523
1time 2.7e-07 1100 0.0810004
1time 2.8e-07 1100 0.0809489
1time 2.9e-07 1100 0.0808981
1time 3e-07 1100 0.0808481
1time 3.1e-07 1100 0.0807991
1time 3.2e-07 1100 0.0807512
1time 3.3e-07 1100 0.0807046
1time 3.4e-07 1100 0.0806593
1time 3.5e-07 1100 0.0806153
1time 3.6e-07 1100 0.0805729
1time 3.7e-07 1100 0.0805319
1time 3.8e-07 1100 0.0804925
1time 3.9e-07 1100 0.0804546
1time 4e-07 1100 0.0804183
1time 4.1e-07 1100 0.0803836
1time 4.2e-07 1100 0.0803505
1time 4.3e-07 1100 0.0803189
1time 4.4e-07 1100 0.0802889
1time 4.5e-07 1100 0.0802605
1time 4.6e-07 1100 0.0802336
1time 4.7e-07 1100 0.0802082
1time 4.8e-07 1100 0.0801842
1time 4.9e-07 1100 0.0801618
1time 5e-07 1100 0.0801407
1time 5.1e-07 1100 0.080121
1time 5.2e-07 1100 0.0801027
1time 5.3e-07 1100 0.0800857
1time 5.4e-07 1100 0.08007
1time 5.5e-07 1100 0.0800555
1time 5.6e-07 1100 0.0800422
1time 5.7e-07 1100 0.0800302
1time 5.8e-07 1100 0.0800192
1time 5.9e-07 1100 0.0800094
1time 6e-07 1100 0.0800006
1time 6.1e-07 1100 0.0799929
1time 6.2e-07 1100 0.0799862
1time 6.3e-07 1100 0.0799804
1time 6.4e-07 1100 0.0799756
1time 6.5e-07 1100 0.0799716
1time 6.6e-07 1100 0.0799686
1time 6.7e-07 1100 0.0799663
1time 6.8e-07 1100 0.0799649
1time 6.9e-07 1100 0.0799643
1time 7e-07 1100 0.0799644
1time 7.1e-07 1100 0.0799652
1time 7.2e-07 1100 0.0799667
1time 7.3e-07 1100 0.0799688
1time 7.4e-07 1100 0.0799716
1time 7.5e-07 1100 0.079975
1time 7.6e-07 1100 0.079979
1time 7.7e-07 1100 0.0799835
1time 7.8e-07 1100 0.0799886
1time 7.9e-07 1100 0.0799941
1time 8e-07 1100 0.0800002
1time 8.1e-07 1100 0.0800067
1time 8.2e-07 1100 0.0800137
1time 8.3e-07 1100 0.080021
1time 8.4e-07 1100 0.0800288
1time 8.5e-07 1100 0.080037
1time 8.6e-07 1100 0.0800455
1time 8.7e-07 1100 0.0800544
1time 8.8e-07 1100 0.0800636
1time 8.9e-07 1100 0.0800731
1time 9e-07 1100 0.0800828
1time 9.1e-07 1100 0.0800929
1time 9.2e-07 1100 0.0801032
1time 9.3e-07 1100 0.0801138
1time 9.4e-07 1100 0.0801246
1time 9.5e-07 1100 0.0801356
1time 9.6e-07 1100 0.0801468
1time 9.7e-07 1100 0.0801581
1time 9.8e-07 1100 0.0801697
1time 9.9e-07 1100 0.0801814
1time 1e-06 1100 0.0801933
1time 1.01e-06 1100 0.0802052
1time 1.02e-06 1100 0.0802173
1time 1.03e-06 1100 0.0802296
1time 1.04e-06 1100 0.0802419
1time 1.05e-06 1100 0.0802543
1time 1.06e-06 1100 0.0802668
1time 1.07e-06 1100 0.0802793
1time 1.08e-06 1100 0.080292
1time 1.09e-06 1100 0.0803046
1time 1.1e-06 1100 0.0803173
1time 1.11e-06 1100 0.0803301
1time 1.12e-06 1100 0.0803428
1time 1.13e-06 1100 0.0803556
1time 1.14e-06 1100 0.0803684
1time 1.15e-06 1100 0.0803812
1time 1.16e-06 1100 0.080394
1time 1.17e-06 1100 0.0804068
1time 1.18e-06 1100 0.0804195
1time 1.19e-06 1100 0.0804323
1time 1.2e-06 1100 0.080445
1time 1.21e-06 1100 0.0804577
1time 1.22e-06 1100 0.0804703
1time 1.23e-06 1100 0.0804829
1time 1.24e-06 1100 0.0804954
1time 1.25e-06 1100 0.0805079
1time 1.26e-06 1100 0.0805203
1time 1.27e-06 1100 0.0805327
1time 1.28e-06 1100 0.080545
1time 1.29e-06 1100 0.0805572
1time 1.3e-06 1100 0.0805694
1time 1.31e-06 1100 0.0805814
1time 1.32e-06 1100 0.0805934
1time 1.33e-06 1100 0.0806053
1time 1.34e-06 1100 0.0806172
1time 1.35e-06 1100 0.0806289
1time 1.36e-06 1100 0.0806406
1time 1.37e-06 1100 0.0806522
1time 1.38e-06 1100 0.0806636
1time 1.39e-06 1100 0.080675
1time 1.4e-06 1100 0.0806863
1time 1.41e-06 1100 0.0806975
1time 1.42e-06 1100 0.0807086
1time 1.43e-06 1100 0.0807196
1time 1.44e-06 1100 0.0807306
1time 1.45e-06 1100 0.0807414
1time 1.46e-06 1100 0.0807521
1time 1.47e-06 1100 0.0807628
1time 1.48e-06 1100 0.0807733
1time 1.49e-06 1100 0.0807838
1time 1.5e-06 1100 0.0807941
1time 1.51e-06 1100 0.0808044
1time 1.52e-06 1100 0.0808145
1time 1.53e-06 1100 0.0808246
1time 1.54e-06 1100 0.0808346
1time 1.55e-06 1100 0.0808445
1time 1.56e-06 1100 0.0808544
1time 1.57e-06 1100 0.0808641
1time 1.58e-06 1100 0.0808738
1time 1.59e-06 1100 0.0808833
1time 1.6e-06 1100 0.0808928
1time 1.61e-06 1100 0.0809023
1time 1.62e-06 1100 0.0809116
1time 1.63e-06 1100 0.0809209
1time 1.64e-06 1100 0.0809301
1time 1.65e-06 1100 0.0809392
1time 1.66e-06 1100 0.0809483
1time 1.67e-06 1100 0.0809573
1time 1.68e-06 1100 0.0809663
1time 1.69e-06 1100 0.0809751
1time 1.7e-06 1100 0.080984
1time 1.71e-06 1100 0.0809928
1time 1.72e-06 1100 0.0810015
1time 1.73e-06 1100 0.0810102
1time 1.74e-06 1100 0.0810188
1time 1.75e-06 1100 0.0810275
1time 1.76e-06 1100 0.081036
1time 1.77e-06 1100 0.0810446
1time 1.78e-06 1100 0.0810531
1time 1.79e-06 1100 0.0810615
1time 1.8e-06 1100 0.08107
1time 1.81e-06 1100 0.0810784
1time 1.82e-06 1100 0.0810868
1time 1.83e-06 1100 0.0810952
1time 1.84e-06 1100 0.0811036
1time 1.85e-06 1100 0.081112
1time 1.86e-06 1100 0.0811204
1time 1.87e-06 1100 0.0811287
1time 1.88e-06 1100 0.0811371
1time 1.89e-06 1100 0.0811455
1time 1.9e-06 1100 0.0811539
1time 1.91e-06 1100 0.0811623
1time 1.92e-06 1100 0.0811707
1time 1.93e-06 1100 0.0811791
1time 1.94e-06 1100 0.0811876
1time 1.95e-06 1100 0.0811961
1time 1.96e-06 1100 0.0812046
1time 1.97e-06 1100 0.0812131
1time 1.98e-06 1100 0.0812217
1time 1.99e-06 1100 0.0812303
1time 2e-06 1100 0.081239
1time 2.01e-06 1100 0.0812477
1time 2.02e-06 1100 0.0812565
1time 2.03e-06 1100 0.0812653
1time 2.04e-06 1100 0.0812742
1time 2.05e-06 1100 0.0812832
1time 2.06e-06 1100 0.0812922
1time 2.07e-06 1100 0.0813013
1time 2.08e-06 1100 0.0813104
1time 2.09e-06 1100 0.0813197
1time 2.1e-06 1100 0.081329
1time 2.11e-06 1100 0.0813384
1time 2.12e-06 1100 0.0813478
1time 2.13e-06 1100 0.0813574
1time 2.14e-06 1100 0.0813671
1time 2.15e-06 1100 0.0813769
1time 2.16e-06 1100 0.0813867
1time 2.17e-06 1100 0.0813967
1time 2.18e-06 1100 0.0814067
1time 2.19e-06 1100 0.0814169
1time 2.2e-06 1100 0.0814272
1time 2.21e-06 1100 0.0814376
1time 2.22e-06 1100 0.0814481
1time 2.23e-06 1100 0.0814588
1time 2.24e-06 1100 0.0814695
1time 2.25e-06 1100 0.0814804
1time 2.26e-06 1100 0.0814914
1time 2.27e-06 1100 0.0815026
1time 2.28e-06 1100 0.0815138
1time 2.29e-06 1100 0.0815252
1time 2.3e-06 1100 0.0815368
1time 2.31e-06 1100 0.0815485
1time 2.32e-06 1100 0.0815603
1time 2.33e-06 1100 0.0815722
1time 2.34e-06 1100 0.0815843
1time 2.35e-06 1100 0.0815965
1time 2.36e-06 1100 0.0816089
1time 2.37e-06 1100 0.0816214
1time 2.38e-06 1100 0.0816341
1time 2.39e-06 1100 0.0816469
1time 2.4e-06 1100 0.0816599
1time 2.41e-06 1100 0.081673
1time 2.42e-06 1100 0.0816863
1time 2.43e-06 1100 0.0816997
1time 2.44e-06 1100 0.0817133
1time 2.45e-06 1100 0.081727
1time 2.46e-06 1100 0.0817409
1time 2.47e-06 1100 0.0817549
1time 2.48e-06 1100 0.0817691
1time 2.49e-06 1100 0.0817834
1time 2.5e-06 1100 0.0817979
1time 2.51e-06 1100 0.0818126
1time 2.52e-06 1100 0.0818274
1time 2.53e-06 1100 0.0818423
1time 2.54e-06 1100 0.0818574
1time 2.55e-06 1100 0.0818727
1time 2.56e-06 1100 0.0818881
1time 2.57e-06 1100 0.0819037
1time 2.58e-06 1100 0.0819195
1time 2.59e-06 1100 0.0819354
1time 2.6e-06 1100 0.0819514
1time 2.61e-06 1100 0.0819677
1time 2.62e-06 1100 0.081984
1time 2.63e-06 1100 0.0820006
1time 2.64e-06 1100 0.0820173
1time 2.65e-06 1100 0.0820341
1time 2.66e-06 1100 0.0820511
1time 2.67e-06 1100 0.0820683
1time 2.68e-06 1100 0.0820856
1time 2.69e-06 1100 0.0821031
1time 2.7e-06 1100 0.0821207
1time 2.71e-06 1100 0.0821385
1time 2.72e-06 1100 0.0821564
1time 2.73e-06 1100 0.0821745
1time 2.74e-06 1100 0.0821928
1time 2.75e-06 1100 0.0822112
1time 2.76e-06 1100 0.0822297
1time 2.77e-06 1100 0.0822484
1time 2.78e-06 1100 0.0822673
1time 2.79e-06 1100 0.0822863
1time 